Vertex 383.869 829.737
408.07 780.215 397.643 786.429
397.643 786.429 385.22 794.317
385.22 794.317 374.749 801.739
374.749 801.739 365.61 809.246
365.61 809.246 374.749 801.739
374.749 801.739 365.61 809.246
365.61 809.246 357.104 817.462
357.104 817.462 348.529 827.012
348.529 827.012 339.266 838.447
339.266 838.447 337.827 840.3
428.684 835.438 428.333 833.311
428.333 833.311 424.794 817.885
424.794 817.885 428.333 833.311
428.333 833.311 424.794 817.885
424.794 817.885 419.541 802.954
419.541 802.954 412.405 787.943
412.405 787.943 408.07 780.215
365.658 871.692 374.013 869.335
374.013 869.335 387.906 864.309
387.906 864.309 400.323 858.119
400.323 858.119 387.906 864.309
387.906 864.309 400.323 858.119
400.323 858.119 411.865 850.419
411.865 850.419 423.13 840.862
423.13 840.862 428.684 835.438
337.827 840.3 342.326 846.609
342.326 846.609 352.209 858.595
352.209 858.595 342.326 846.609
342.326 846.609 352.209 858.594
352.209 858.594 363.23 869.543
363.23 869.543 365.658 871.692
Vertex 780.885 533.583
811.204 565.895 812.002 562.614
812.002 562.614 814.68 547.523
814.68 547.523 815.439 533.091
815.439 533.091 814.68 547.523
814.68 547.523 815.439 533.091
815.439 533.091 814.27 518.686
814.27 518.686 811.164 503.677
811.164 503.677 809.569 498.009
752.081 573.219 755.714 573.503
755.714 573.503 771.886 573.781
771.886 573.781 787.162 572.27
787.162 572.27 771.886 573.781
771.886 573.781 787.162 572.27
787.162 572.27 802.132 568.874
802.132 568.874 811.204 565.895
765.127 492.765 760.52 501.891
760.52 501.891 755.166 515.101
755.166 515.101 751.75 527.969
751.75 527.969 755.166 515.101
755.166 515.101 751.75 527.969
751.75 527.969 750.14 541.185
750.14 541.185 750.203 555.439
750.203 555.439 751.817 571.366
751.817 571.366 752.081 573.219
809.569 498.009 800.034 495.673
800.034 495.673 784.879 493.309
784.879 493.309 800.034 495.673
800.034 495.673 784.879 493.309
784.879 493.309 769.554 492.651
769.554 492.651 765.127 492.765
Vertex 707.138 305.994
756.226 300.618 748.238 289.453
748.238 289.453 738.834 277.976
738.834 277.976 748.238 289.453
748.238 289.453 738.834 277.976
738.834 277.976 728.597 267.234
728.597 267.234 722.75 261.725
700.571 356.241 709.969 350.347
709.969 350.347 722.343 341.303
722.343 341.303 733.074 331.597
733.074 331.597 722.343 341.303
722.343 341.303 733.074 331.597
733.074 331.597 742.641 320.742
742.641 320.742 751.525 308.252
751.525 308.252 756.226 300.618
659.378 306.742 659.844 307.467
659.844 307.467 668.176 319.744
668.176 319.744 676.672 330.846
676.672 330.846 668.176 319.744
668.176 319.744 676.672 330.846
676.672 330.846 685.841 341.399
685.841 341.399 696.193 352.028
696.193 352.028 700.571 356.241
722.75 261.725 713.482 265.173
713.482 265.173 699.939 271.425
699.939 271.425 687.977 278.746
687.977 278.746 699.939 271.425
699.939 271.425 687.977 278.746
687.977 278.746 677.042 287.527
677.042 287.527 666.578 298.157
666.578 298.157 659.378 306.742
Vertex 535.961 364.011
490.586 349.891 492.897 360.851
492.897 360.851 496.04 374.112
496.04 374.112 492.897 360.851
492.897 360.851 496.04 374.112
496.04 374.112 499.582 387.272
499.582 387.272 502.89 398.428
573.699 316.672 565.166 317.99
565.166 317.99 548.568 321.328
548.568 321.328 533.854 325.563
533.854 325.563 520.448 330.966
520.448 330.966 533.854 325.563
533.854 325.563 520.448 330.966
520.448 330.966 507.728 337.828
507.728 337.828 495.07 346.443
495.07 346.443 490.586 349.891
569.478 406.768 571.541 394.216
571.541 394.216 573.423 379.848
573.423 379.848 574.567 366.279
574.567 366.279 573.423 379.848
573.423 379.848 574.567 366.279
574.567 366.279 575.02 352.671
575.02 352.671 574.834 338.181
574.834 338.181 574.052 322.049
574.052 322.049 573.699 316.672
502.89 398.428 515.273 401.732
515.273 401.732 529.697 404.552
529.697 404.552 515.273 401.732
515.273 401.732 529.697 404.552
529.697 404.552 544.299 406.218
544.299 406.218 559.809 406.842
559.809 406.842 569.478 406.768
Vertex 720.928 968.887
676.605 938.364 675.267 943.313
675.267 943.313 671.664 958.557
671.664 958.557 675.267 943.313
675.267 943.313 671.664 958.557
671.664 958.557 668.839 973.963
668.839 973.963 666.643 990.245
666.643 990.245 664.936 1008.06
664.936 1008.06 663.6 1027.99
663.6 1027.99 662.536 1050.48
662.536 1050.48 661.669 1075.91
661.669 1075.91 660.941 1104.55
660.941 1104.55 660.309 1136.6
660.309 1136.6 659.742 1172.22
659.742 1172.22 659.218 1211.5
659.218 1211.5 658.719 1254.53
658.719 1254.53 658.234 1301.36
658.234 1301.36 657.754 1352.05
657.754 1352.05 657.272 1406.62
657.272 1406.62 656.782 1465.09
656.782 1465.09 656.281 1527.49
656.281 1527.49 655.766 1593.83
655.766 1593.83 655.234 1664.13
655.234 1664.13 654.684 1738.38
654.684 1738.38 654.114 1816.59
654.114 1816.59 653.523 1898.78
653.523 1898.78 652.91 1984.95
652.91 1984.95 652.803 2000
770.675 943.299 768.157 942.421
768.157 942.421 751.918 937.457
751.918 937.457 736.897 934.253
736.897 934.253 722.474 932.782
722.474 932.782 736.897 934.253
736.897 934.253 722.474 932.782
722.474 932.782 707.977 933.015
707.977 933.015 692.738 934.924
692.738 934.924 676.605 938.364
833.604 2000 832.893 1985.05
832.893 1985.05 828.793 1898.96
828.793 1898.96 824.876 1816.85
824.876 1816.85 821.142 1738.7
821.142 1738.7 817.589 1664.51
817.589 1664.51 814.215 1594.28
814.215 1594.28 811.019 1527.99
811.019 1527.99 807.998 1465.62
807.998 1465.62 805.148 1407.18
805.148 1407.18 802.466 1352.63
802.466 1352.63 799.946 1301.95
799.946 1301.95 797.58 1255.11
797.58 1255.11 795.359 1212.06
795.359 1212.06 793.269 1172.74
793.269 1172.74 791.293 1137.07
791.293 1137.07 789.406 1104.94
789.406 1104.94 787.575 1076.18
787.575 1076.18 785.755 1050.61
785.755 1050.61 783.886 1027.93
783.886 1027.93 781.888 1007.78
781.888 1007.78 779.66 989.699
779.66 989.699 777.08 973.115
777.08 973.115 774.004 957.375
774.004 957.375 777.08 973.115
777.08 973.115 774.004 957.375
774.004 957.375 770.675 943.299
Vertex 960.864 953.904
1069.91 2000 1063.4 1958.43
1063.4 1958.43 1050.1 1873.33
1050.1 1873.33 1037.41 1792.17
1037.41 1792.17 1025.35 1714.93
1025.35 1714.93 1013.91 1641.61
1013.91 1641.61 1003.1 1572.21
1003.1 1572.21 992.905 1506.73
992.905 1506.73 983.338 1445.14
983.338 1445.14 974.398 1387.44
974.398 1387.44 966.087 1333.62
966.087 1333.62 958.406 1283.64
958.406 1283.64 951.359 1237.49
951.359 1237.49 944.951 1195.13
944.951 1195.13 939.187 1156.5
939.187 1156.5 934.075 1121.53
934.075 1121.53 929.626 1090.12
929.626 1090.12 925.856 1062.13
925.856 1062.13 922.785 1037.38
922.785 1037.38 920.445 1015.59
920.445 1015.59 918.875 996.413
918.875 996.413 918.127 979.372
918.127 979.372 918.268 963.885
918.268 963.885 919.373 949.262
919.373 949.262 918.268 963.885
918.268 963.885 919.373 949.262
919.373 949.262 921.527 934.756
921.527 934.756 924.813 919.62
924.813 919.62 925.455 917.07
1500.66 879.597 1451.79 881.083
1451.79 881.083 1393.37 882.882
1393.37 882.882 1338.86 884.59
1338.86 884.59 1288.24 886.214
1288.24 886.214 1241.48 887.763
1241.48 887.763 1198.53 889.248
1198.53 889.248 1159.34 890.686
1159.34 890.686 1123.84 892.098
1123.84 892.098 1091.92 893.512
1091.92 893.512 1063.44 894.971
1063.44 894.971 1038.21 896.528
1038.21 896.528 1015.95 898.26
1015.95 898.26 996.33 900.267
996.33 900.267 978.88 902.678
978.88 902.678 963.047 905.651
963.047 905.651 948.183 909.372
948.183 909.372 963.047 905.651
963.047 905.651 948.183 909.372
948.183 909.372 933.589 914.04
933.589 914.04 925.455 917.07
1500.66 879.597 nan nan
1500.66 879.597 1516.48 881.01
1516.48 881.01 1579.6 886.67
1579.6 886.67 1646.51 892.706
1646.51 892.706 1717.26 899.116
1717.26 899.116 1791.85 905.898
1791.85 905.898 1870.32 913.054
1870.32 913.054 1952.68 920.581
1952.68 920.581 2000 924.914
Vertex 446.925 386.54
426.942 332.407 420.684 345.65
420.684 345.65 414.791 358.594
414.791 358.594 409.501 370.836
409.501 370.836 414.791 358.594
414.791 358.594 409.501 370.836
409.501 370.836 404.472 383.187
404.472 383.187 399.363 396.461
399.363 396.461 395.677 406.416
490.586 349.891 475.416 343.951
475.416 343.951 460.114 339.099
460.114 339.099 475.416 343.951
475.416 343.951 460.114 339.099
460.114 339.099 444.503 335.357
444.503 335.357 427.93 332.543
427.93 332.543 426.942 332.407
502.89 398.428 499.582 387.272
499.582 387.272 496.04 374.112
496.04 374.112 499.582 387.272
499.582 387.272 496.04 374.112
496.04 374.112 492.897 360.851
492.897 360.851 490.586 349.891
440.334 446.197 449.729 440.497
449.729 440.497 462.985 431.805
462.985 431.805 475.133 422.914
475.133 422.914 462.985 431.805
462.985 431.805 475.133 422.914
475.133 422.914 486.768 413.361
486.768 413.361 498.486 402.686
498.486 402.686 502.89 398.428
395.677 406.416 401.312 412.426
401.312 412.426 412.645 423.55
412.645 423.55 401.312 412.426
401.312 412.426 412.645 423.55
412.645 423.55 424.603 433.999
424.603 433.999 437.705 444.255
437.705 444.255 440.334 446.197
Vertex 335.977 775.99
408.506 769.575 402.445 763.989
402.445 763.989 388.211 751.85
388.211 751.85 374.332 741.558
374.332 741.558 360.294 732.826
360.294 732.826 374.332 741.558
374.332 741.558 360.294 732.826
360.294 732.826 345.551 725.345
345.551 725.345 329.558 718.807
329.558 718.807 326.148 717.582
408.07 780.215 408.081 780.015
408.081 780.015 408.506 769.575
337.827 840.3 339.266 838.447
339.266 838.447 348.529 827.012
348.529 827.012 357.104 817.462
357.104 817.462 365.611 809.246
365.611 809.246 357.104 817.462
357.104 817.462 365.61 809.246
365.61 809.246 374.749 801.739
374.749 801.739 385.22 794.317
385.22 794.317 397.643 786.429
397.643 786.429 408.07 780.215
300.302 826.847 314.829 832.669
314.829 832.669 331.27 838.309
331.27 838.309 337.827 840.3
281.115 753.124 281.977 757.888
281.977 757.888 285.088 773.431
285.088 773.431 288.543 788.09
288.543 788.09 285.088 773.431
285.088 773.431 288.543 788.09
288.543 788.09 292.531 802.612
292.531 802.612 297.245 817.746
297.245 817.746 300.302 826.847
326.148 717.582 316.41 723.851
316.41 723.851 302.761 733.808
302.761 733.808 316.41 723.851
316.41 723.851 302.761 733.808
302.761 733.808 289.881 744.741
289.881 744.741 281.115 753.124
Vertex 366.368 352.737
397.266 297.202 387.715 298.465
387.715 298.465 372.167 300.74
372.167 300.74 357.456 303.213
357.456 303.213 372.167 300.74
372.167 300.74 357.456 303.213
357.456 303.213 342.806 306.023
342.806 306.023 331.818 308.343
426.942 332.407 423.122 327.313
423.122 327.313 412.324 313.869
412.324 313.869 423.122 327.313
423.122 327.313 412.324 313.869
412.324 313.869 400.858 300.989
400.858 300.989 397.266 297.202
395.677 406.416 399.363 396.461
399.363 396.461 404.472 383.187
404.472 383.187 409.501 370.836
409.501 370.836 404.472 383.187
404.472 383.187 409.501 370.836
409.501 370.836 414.791 358.594
414.791 358.594 420.684 345.65
420.684 345.65 426.942 332.407
316.025 399.797 330.393 402.166
330.393 402.166 346.987 404.353
346.987 404.353 362.912 405.759
362.912 405.759 346.987 404.353
346.987 404.353 362.912 405.759
362.912 405.759 378.885 406.431
378.885 406.431 395.622 406.417
395.622 406.417 395.677 406.416
331.818 308.343 329.905 314.468
329.905 314.468 325.682 329.491
325.682 329.491 322.385 343.914
322.385 343.914 325.682 329.491
325.682 329.491 322.385 343.914
322.385 343.914 319.864 358.493
319.864 358.493 317.966 373.982
317.966 373.982 316.554 391.074
316.554 391.074 316.025 399.797
Vertex 634.744 49.8742
542.451 -1545.3 544.701 -1448.99
544.701 -1448.99 547.181 -1342.94
547.181 -1342.94 549.57 -1240.88
549.57 -1240.88 551.869 -1142.82
551.869 -1142.82 554.079 -1048.73
554.079 -1048.73 556.2 -958.638
556.2 -958.638 558.232 -872.524
558.232 -872.524 560.177 -790.389
560.177 -790.389 562.035 -712.231
562.035 -712.231 563.807 -638.044
563.807 -638.044 565.496 -567.822
565.496 -567.822 567.103 -501.558
567.103 -501.558 568.631 -439.244
568.631 -439.244 570.083 -380.865
570.083 -380.865 571.463 -326.407
571.463 -326.407 572.777 -275.849
572.777 -275.849 574.032 -229.163
574.032 -229.163 575.239 -186.311
575.239 -186.311 576.411 -147.241
576.411 -147.241 577.567 -111.884
577.567 -111.884 578.735 -80.1405
578.735 -80.1405 579.949 -51.8754
579.949 -51.8754 581.262 -26.8996
581.262 -26.8996 582.743 -4.95319
582.743 -4.95319 584.486 14.3149
584.486 14.3149 586.615 31.3638
586.615 31.3638 589.284 46.7661
589.284 46.7661 592.674 61.1928
592.674 61.1928 589.284 46.7661
589.284 46.7661 592.674 61.1928
592.674 61.1928 596.981 75.3729
596.981 75.3729 602.4 90.0353
602.4 90.0353 609.113 105.851
609.113 105.851 611.835 111.85
542.451 -1545.3 nan nan
542.451 -1545.3 544.304 -1624.65
544.304 -1624.65 546.98 -1738.94
546.98 -1738.94 549.757 -1857.19
549.757 -1857.19 552.633 -1979.43
552.633 -1979.43 553.119 -2000
663.249 110.593 664.437 107.813
664.437 107.813 671.042 91.3348
671.042 91.3348 676.345 75.9635
676.345 75.9635 680.503 61.0522
680.503 61.0522 676.345 75.9635
676.345 75.9635 680.503 61.0522
680.503 61.0522 683.688 45.9031
683.688 45.9031 686.069 29.8181
686.069 29.8181 687.805 12.1502
687.805 12.1502 689.033 -7.66049
689.033 -7.66049 689.864 -30.0703
689.864 -30.0703 690.384 -55.4351
690.384 -55.4351 690.661 -84.0238
690.661 -84.0238 690.741 -116.035
690.741 -116.035 690.662 -151.615
690.662 -151.615 690.448 -190.87
690.448 -190.87 690.119 -233.878
690.119 -233.878 689.689 -280.695
689.689 -280.695 689.168 -331.365
689.168 -331.365 688.564 -385.92
688.564 -385.92 687.883 -444.382
687.883 -444.382 687.129 -506.771
687.129 -506.771 686.305 -573.1
686.305 -573.1 685.416 -643.381
685.416 -643.381 684.461 -717.622
684.461 -717.622 683.444 -795.83
683.444 -795.83 682.365 -878.009
682.365 -878.009 681.225 -964.166
681.225 -964.166 680.026 -1054.3
680.026 -1054.3 678.769 -1148.42
678.769 -1148.42 677.452 -1246.53
677.452 -1246.53 676.078 -1348.62
676.078 -1348.62 674.647 -1454.7
674.647 -1454.7 673.158 -1564.77
673.158 -1564.77 671.613 -1678.84
671.613 -1678.84 670.011 -1796.89
670.011 -1796.89 668.352 -1918.94
668.352 -1918.94 667.25 -2000
611.835 111.85 618.53 112.089
618.53 112.089 636.011 112.154
636.011 112.154 618.53 112.089
618.53 112.089 636.011 112.154
636.011 112.154 653.474 111.378
653.474 111.378 663.249 110.593
Vertex 949.561 391.025
2000 389.604 1966.91 387.723
1966.91 387.723 1880.88 382.836
1880.88 382.836 1798.82 378.182
1798.82 378.182 1720.73 373.762
1720.73 373.762 1646.59 369.576
1646.59 369.576 1576.4 365.625
1576.4 365.625 1510.16 361.912
1510.16 361.912 1447.85 358.437
1447.85 358.437 1389.46 355.204
1389.46 355.204 1334.97 352.215
1334.97 352.215 1284.35 349.476
1284.35 349.476 1237.57 346.99
1237.57 346.99 1194.59 344.767
1194.59 344.767 1155.35 342.815
1155.35 342.815 1119.76 341.148
1119.76 341.148 1087.72 339.784
1087.72 339.784 1059.08 338.75
1059.08 338.75 1033.64 338.079
1033.64 338.079 1011.11 337.818
1011.11 337.818 991.134 338.027
991.134 338.027 973.247 338.786
973.247 338.786 956.877 340.191
956.877 340.191 941.365 342.353
941.365 342.353 956.877 340.191
956.877 340.191 941.365 342.353
941.365 342.353 926.001 345.39
926.001 345.39 910.074 349.424
910.074 349.424 893.427 354.404
893.811 425.72 905.174 430.459
905.174 430.459 921.302 436.304
921.302 436.304 937.071 440.857
937.071 440.857 921.302 436.304
921.302 436.304 937.071 440.857
937.071 440.857 953.123 444.28
953.123 444.28 970.101 446.733
970.101 446.733 988.608 448.367
988.608 448.367 1009.17 449.315
1009.17 449.315 1032.24 449.688
1032.24 449.688 1058.16 449.574
1058.16 449.574 1087.21 449.044
1087.21 449.044 1119.6 448.148
1119.6 448.148 1155.48 446.927
1155.48 446.927 1194.98 445.41
1194.98 445.41 1238.18 443.619
1238.18 443.619 1285.15 441.57
1285.15 441.57 1335.93 439.276
1335.93 439.276 1390.57 436.746
1390.57 436.746 1449.09 433.987
1449.09 433.987 1511.51 431.004
1511.51 431.004 1577.86 427.803
1577.86 427.803 1648.14 424.386
1648.14 424.386 1722.36 420.756
1722.36 420.756 1800.54 416.916
1800.54 416.916 1882.68 412.865
1882.68 412.865 1968.78 408.608
1968.78 408.608 2000 407.06
893.427 354.404 893.197 356.664
893.197 356.664 891.877 374.469
891.877 374.469 891.551 391.614
891.551 391.614 891.877 374.469
891.877 374.469 891.551 391.614
891.551 391.614 892.225 408.75
892.225 408.75 893.811 425.72
Vertex 46.1677 436.381
-1681.18 434.996 -1581 439.363
-1581 439.363 -1470.98 444.156
-1470.98 444.156 -1364.95 448.771
-1364.95 448.771 -1262.89 453.208
-1262.89 453.208 -1164.82 457.466
-1164.82 457.466 -1070.72 461.545
-1070.72 461.545 -980.589 465.445
-980.589 465.445 -894.429 469.164
-894.429 469.164 -812.232 472.702
-812.232 472.702 -733.992 476.058
-733.992 476.058 -659.7 479.229
-659.7 479.229 -589.349 482.215
-589.349 482.215 -522.926 485.013
-522.926 485.013 -460.415 487.62
-460.415 487.62 -401.798 490.032
-401.798 490.032 -347.051 492.246
-347.051 492.246 -296.142 494.255
-296.142 494.255 -249.03 496.051
-249.03 496.051 -205.66 497.624
-205.66 497.624 -165.962 498.961
-165.962 498.961 -129.84 500.044
-129.84 500.044 -97.1694 500.849
-97.1694 500.849 -67.7823 501.345
-67.7823 501.345 -41.4585 501.49
-41.4585 501.49 -17.9107 501.231
-17.9107 501.231 3.22694 500.498
3.22694 500.498 22.4071 499.206
22.4071 499.206 40.1669 497.254
40.1669 497.254 57.1127 494.528
57.1127 494.528 40.1669 497.254
40.1669 497.254 57.1126 494.528
57.1126 494.528 73.8898 490.906
73.8898 490.906 87.0699 487.439
104.248 398.054 93.882 393.571
93.882 393.571 77.1376 387.219
77.1376 387.219 60.6903 382.189
60.6903 382.189 77.1376 387.219
77.1376 387.219 60.6903 382.189
60.6903 382.189 43.932 378.32
43.932 378.32 26.2548 375.448
26.2548 375.448 7.08609 373.421
7.08609 373.421 -14.0839 372.1
-14.0839 372.1 -37.6878 371.371
-37.6878 371.371 -64.0778 371.139
-64.0778 371.139 -93.5329 371.329
-93.5329 371.329 -126.269 371.883
-126.269 371.883 -162.45 372.758
-162.45 372.758 -202.203 373.92
-202.203 373.92 -245.62 375.342
-245.62 375.342 -292.775 377.007
-292.775 377.007 -343.722 378.9
-343.722 378.9 -398.502 381.009
-398.502 381.009 -457.148 383.325
-457.148 383.325 -519.684 385.842
-519.684 385.842 -586.13 388.556
-586.13 388.556 -656.502 391.461
-656.502 391.461 -730.811 394.554
-730.811 394.554 -809.068 397.833
-809.068 397.833 -891.28 401.296
-891.28 401.296 -977.454 404.941
-977.454 404.941 -1067.59 408.766
-1067.59 408.766 -1161.71 412.771
-1161.71 412.771 -1259.79 416.954
-1259.79 416.954 -1361.86 421.315
-1361.86 421.315 -1467.9 425.853
-1467.9 425.853 -1577.93 430.568
-1577.93 430.568 -1681.18 434.996
87.0699 487.439 89.6315 480.303
89.6315 480.303 94.883 463.576
94.883 463.576 98.8513 447.244
98.8513 447.244 94.883 463.576
94.883 463.576 98.8513 447.244
98.8513 447.244 101.667 430.674
101.667 430.674 103.46 413.234
103.46 413.234 104.248 398.054
Vertex 346.875 244.404
312.358 184.57 308.421 192.278
308.421 192.278 301.006 207.652
301.006 207.652 294.446 222.615
294.446 222.615 301.006 207.652
301.006 207.652 294.446 222.615
294.446 222.615 288.469 237.82
288.469 237.82 282.802 253.921
282.802 253.921 282.011 256.305
403.697 199.793 389.677 195.664
389.677 195.664 372.462 191.389
372.462 191.389 355.73 188.231
355.73 188.231 372.462 191.389
372.462 191.389 355.73 188.231
355.73 188.231 338.839 186.089
338.839 186.089 321.143 184.86
321.143 184.86 312.358 184.57
397.266 297.202 399.767 281.465
399.767 281.465 401.929 264.434
401.929 264.434 403.341 248.056
403.341 248.056 401.929 264.434
401.929 264.434 403.341 248.056
403.341 248.056 404.05 231.632
404.05 231.632 404.101 214.465
404.101 214.465 403.697 199.793
331.818 308.343 342.806 306.023
342.806 306.023 357.456 303.213
357.456 303.213 342.806 306.023
342.806 306.023 357.456 303.213
357.456 303.213 372.167 300.74
372.167 300.74 387.715 298.465
387.715 298.465 397.266 297.202
282.011 256.305 284.533 259.212
284.533 259.212 295.565 271.61
295.565 271.61 306.378 283.193
306.378 283.193 295.565 271.61
295.565 271.61 306.378 283.193
306.378 283.193 317.484 294.494
317.484 294.494 329.395 306.05
329.395 306.05 331.818 308.343
Vertex 557.056 602.141
567.922 677.111 570.663 673.751
570.663 673.751 581.751 659.981
581.751 659.981 591.747 647.231
591.747 647.231 601.074 634.935
601.074 634.935 591.747 647.231
591.747 647.231 601.074 634.935
601.074 634.935 610.187 622.481
610.187 622.481 619.543 609.254
619.543 609.254 629.565 594.69
629.565 594.69 630.857 592.789
527.252 671.576 528.362 671.78
528.362 671.78 547.096 674.781
547.096 674.781 528.362 671.78
528.362 671.78 547.096 674.781
547.096 674.781 565.946 676.934
565.946 676.934 567.922 677.111
496.839 563.047 496.904 563.809
496.904 563.809 498.945 582.541
498.945 582.541 501.78 599.751
501.78 599.751 505.569 616.03
505.569 616.03 501.78 599.751
501.78 599.751 505.569 616.03
505.569 616.03 510.481 632.005
510.481 632.005 516.687 648.307
516.687 648.307 524.344 665.524
524.344 665.524 527.252 671.576
586.553 535.077 571.676 538.726
571.676 538.726 555.403 543.085
555.403 543.085 539.965 547.681
539.965 547.681 555.403 543.085
555.403 543.085 539.965 547.681
539.965 547.681 524.67 552.73
524.67 552.73 508.823 558.45
508.823 558.45 496.839 563.047
630.857 592.789 629.315 590.571
629.315 590.571 618.967 576.062
618.967 576.062 608.691 562.363
608.691 562.363 618.967 576.062
618.967 576.062 608.691 562.363
608.691 562.363 598.067 548.931
598.067 548.931 586.678 535.224
586.678 535.224 586.553 535.077
Vertex 225.936 804.059
199.379 873.808 201.32 873.142
201.32 873.142 218.553 866.964
218.553 866.964 234.263 860.788
234.263 860.788 249.056 854.335
249.056 854.335 234.263 860.788
234.263 860.788 249.056 854.335
249.056 854.335 263.585 847.304
263.585 847.304 278.499 839.397
278.499 839.397 294.405 830.335
294.405 830.335 300.302 826.847
159.027 829.807 163.593 835.494
163.593 835.494 175.471 849.366
175.471 849.366 163.593 835.494
163.593 835.494 175.471 849.366
175.471 849.366 187.987 862.665
187.987 862.665 199.379 873.808
188.629 743.787 184.259 752.932
184.259 752.932 177.169 769.171
177.169 769.171 171.168 785.086
171.168 785.086 177.169 769.171
177.169 769.171 171.168 785.086
171.168 785.086 166.038 801.304
166.038 801.304 161.563 818.448
161.563 818.448 159.027 829.807
281.115 753.124 265.826 750.01
265.826 750.01 248.273 747.108
248.273 747.108 231.302 745.128
231.302 745.128 248.273 747.108
248.273 747.108 231.303 745.128
231.303 745.128 214.253 744.01
214.253 744.01 196.465 743.694
196.465 743.694 188.629 743.787
300.302 826.847 297.245 817.746
297.245 817.746 292.531 802.612
292.531 802.612 288.543 788.09
288.543 788.09 292.531 802.612
292.531 802.612 288.543 788.09
288.543 788.09 285.088 773.431
285.088 773.431 281.977 757.888
281.977 757.888 281.115 753.124
Vertex 951.696 700.888
897.08 761.973 905.723 763.47
905.723 763.47 922.849 766.478
922.849 766.478 939.264 769.423
939.264 769.423 922.849 766.478
922.849 766.478 939.264 769.423
939.264 769.423 955.667 772.431
955.667 772.431 972.759 775.63
972.759 775.63 991.193 779.138
991.193 779.138 1011.54 783.059
1011.54 783.059 1034.27 787.479
1034.27 787.479 1059.77 792.464
1059.77 792.464 1088.31 798.069
1088.31 798.069 1120.12 804.332
1120.12 804.332 1155.35 811.282
1155.35 811.282 1194.13 818.941
1194.13 818.941 1236.55 827.325
1236.55 827.325 1282.66 836.445
1282.66 836.445 1332.53 846.312
1332.53 846.312 1386.18 856.931
1386.18 856.931 1443.64 868.307
1443.64 868.307 1500.66 879.597
911.083 638.822 909.983 642.37
909.983 642.37 904.866 660.465
904.866 660.465 900.995 677.434
900.995 677.434 898.289 693.89
898.289 693.89 900.995 677.434
900.995 677.434 898.289 693.89
898.289 693.89 896.664 710.488
896.664 710.488 896.033 727.882
896.033 727.882 896.315 746.685
896.315 746.685 897.08 761.973
2000 589.403 1983.88 589.829
1983.88 589.829 1897.6 592.115
1897.6 592.115 1815.28 594.308
1815.28 594.308 1736.91 596.407
1736.91 596.407 1662.48 598.417
1662.48 598.417 1591.99 600.338
1591.99 600.338 1525.4 602.175
1525.4 602.175 1462.72 603.931
1462.72 603.931 1403.9 605.611
1403.9 605.611 1348.94 607.222
1348.94 607.222 1297.78 608.771
1297.78 608.771 1250.39 610.269
1250.39 610.269 1206.7 611.73
1206.7 611.73 1166.62 613.172
1166.62 613.172 1130.06 614.617
1130.06 614.617 1096.89 616.095
1096.89 616.095 1066.91 617.647
1066.91 617.647 1039.9 619.323
1039.9 619.323 1015.57 621.188
1015.57 621.188 993.549 623.322
993.549 623.322 973.395 625.825
973.395 625.825 954.592 628.81
954.592 628.81 936.562 632.404
936.562 632.404 954.592 628.81
954.592 628.81 936.562 632.404
936.562 632.404 918.697 636.742
918.697 636.742 911.083 638.822
1500.66 879.597 nan nan
1500.66 879.597 1516.48 881.01
1516.48 881.01 1579.6 886.67
1579.6 886.67 1646.51 892.706
1646.51 892.706 1717.26 899.116
1717.26 899.116 1791.85 905.898
1791.85 905.898 1870.32 913.054
1870.32 913.054 1952.68 920.581
1952.68 920.581 2000 924.914
Vertex 629.291 369.496
700.571 356.241 696.193 352.028
696.193 352.028 685.841 341.399
685.841 341.399 676.672 330.846
676.672 330.846 685.841 341.399
685.841 341.399 676.672 330.846
676.672 330.846 668.176 319.744
668.176 319.744 659.844 307.467
659.844 307.467 659.378 306.742
690.973 417.809 691.486 415.416
691.486 415.416 695.094 396.976
695.094 396.976 697.937 379.073
697.937 379.073 695.094 396.976
695.094 396.976 697.937 379.073
697.937 379.073 700.103 361.076
700.103 361.076 700.571 356.241
606.779 443.617 614.467 441.745
614.467 441.745 631.871 437.201
631.871 437.201 648.484 432.386
648.484 432.386 631.871 437.201
631.871 437.201 648.484 432.386
648.484 432.386 664.955 427.104
664.955 427.104 681.93 421.156
681.93 421.156 690.973 417.809
569.478 406.768 580.088 417.817
580.088 417.817 592.61 430.243
592.61 430.243 605.922 442.825
605.922 442.825 606.779 443.617
573.699 316.672 574.052 322.049
574.052 322.049 574.834 338.181
574.834 338.181 575.02 352.671
575.02 352.671 574.567 366.279
574.567 366.279 575.02 352.671
575.02 352.671 574.567 366.279
574.567 366.279 573.423 379.848
573.423 379.848 571.541 394.216
571.541 394.216 569.478 406.768
573.699 316.672 nan nan
573.699 316.672 581.786 307.064
581.786 307.064 583.932 304.591
659.378 306.742 650.49 305.785
650.49 305.785 632.771 304.444
632.771 304.444 650.49 305.785
650.49 305.785 632.772 304.444
632.772 304.444 615.011 303.887
615.011 303.887 596.566 304.079
596.566 304.079 583.932 304.591
Vertex 597.975 943.104
536.255 902.727 533.933 920.274
533.933 920.274 532.202 937.765
532.202 937.765 533.933 920.274
533.933 920.274 532.202 937.765
532.202 937.765 531.089 955.306
531.089 955.306 530.542 973.555
530.542 973.555 530.51 993.131
530.51 993.131 530.948 1014.58
530.948 1014.58 531.82 1038.38
531.82 1038.38 533.093 1064.89
533.093 1064.89 534.745 1094.41
534.745 1094.41 536.756 1127.18
536.756 1127.18 539.113 1163.36
539.113 1163.36 541.805 1203.1
541.805 1203.1 544.823 1246.47
544.823 1246.47 548.163 1293.57
548.163 1293.57 551.818 1344.45
551.818 1344.45 555.786 1399.15
555.786 1399.15 560.064 1457.7
560.064 1457.7 564.65 1520.13
564.65 1520.13 569.542 1586.47
569.542 1586.47 574.739 1656.72
574.739 1656.72 580.24 1730.89
580.24 1730.89 586.044 1809.01
586.044 1809.01 592.151 1891.08
592.151 1891.08 598.559 1977.09
598.559 1977.09 600.267 2000
621.61 867.892 607.471 871.978
607.471 871.978 589.794 877.858
589.794 877.858 573.077 884.41
573.077 884.41 589.794 877.858
589.794 877.858 573.077 884.41
573.077 884.41 556.748 891.876
556.748 891.876 540.235 900.5
540.235 900.5 536.255 902.727
676.605 938.364 672.058 931.449
672.058 931.449 661.507 916.2
661.507 916.2 650.795 901.895
650.795 901.895 661.507 916.2
661.507 916.2 650.795 901.895
650.795 901.895 639.526 888.025
639.526 888.025 627.302 874.082
627.302 874.082 621.61 867.892
652.803 2000 652.91 1984.95
652.91 1984.95 653.523 1898.78
653.523 1898.78 654.114 1816.59
654.114 1816.59 654.684 1738.38
654.684 1738.38 655.234 1664.13
655.234 1664.13 655.766 1593.83
655.766 1593.83 656.281 1527.49
656.281 1527.49 656.782 1465.09
656.782 1465.09 657.272 1406.62
657.272 1406.62 657.754 1352.05
657.754 1352.05 658.234 1301.36
658.234 1301.36 658.719 1254.53
658.719 1254.53 659.218 1211.5
659.218 1211.5 659.742 1172.22
659.742 1172.22 660.309 1136.6
660.309 1136.6 660.941 1104.55
660.941 1104.55 661.669 1075.91
661.669 1075.91 662.536 1050.48
662.536 1050.48 663.6 1027.99
663.6 1027.99 664.936 1008.06
664.936 1008.06 666.643 990.245
666.643 990.245 668.839 973.963
668.839 973.963 671.664 958.557
671.664 958.557 668.839 973.963
668.839 973.963 671.664 958.557
671.664 958.557 675.267 943.313
675.267 943.313 676.605 938.364
Vertex 848.147 941.292
833.604 2000 832.893 1985.05
832.893 1985.05 828.793 1898.96
828.793 1898.96 824.876 1816.85
824.876 1816.85 821.142 1738.7
821.142 1738.7 817.589 1664.51
817.589 1664.51 814.215 1594.28
814.215 1594.28 811.019 1527.99
811.019 1527.99 807.998 1465.62
807.998 1465.62 805.148 1407.18
805.148 1407.18 802.466 1352.63
802.466 1352.63 799.946 1301.95
799.946 1301.95 797.58 1255.11
797.58 1255.11 795.359 1212.06
795.359 1212.06 793.269 1172.74
793.269 1172.74 791.293 1137.07
791.293 1137.07 789.406 1104.94
789.406 1104.94 787.575 1076.18
787.575 1076.18 785.755 1050.61
785.755 1050.61 783.886 1027.93
783.886 1027.93 781.888 1007.78
781.888 1007.78 779.66 989.699
779.66 989.699 777.08 973.115
777.08 973.115 774.004 957.375
774.004 957.375 777.08 973.115
777.08 973.115 774.004 957.375
774.004 957.375 770.675 943.299
843.546 855.694 837.09 861.879
837.09 861.879 823.339 875.644
823.339 875.644 811.024 888.939
811.024 888.939 799.76 902.242
799.76 902.242 811.024 888.939
811.024 888.939 799.76 902.242
799.76 902.242 789.135 916.062
789.135 916.062 778.741 930.907
778.741 930.907 770.675 943.299
925.455 917.07 914.354 908.729
914.354 908.729 900.688 898.47
900.688 898.47 887.598 888.654
887.598 888.654 900.688 898.47
900.688 898.47 887.598 888.654
887.598 888.654 874.502 878.845
874.502 878.845 860.821 868.608
860.821 868.608 846.013 857.538
846.013 857.538 843.546 855.694
1069.91 2000 1063.4 1958.43
1063.4 1958.43 1050.1 1873.33
1050.1 1873.33 1037.41 1792.17
1037.41 1792.17 1025.35 1714.93
1025.35 1714.93 1013.91 1641.61
1013.91 1641.61 1003.1 1572.21
1003.1 1572.21 992.905 1506.73
992.905 1506.73 983.338 1445.14
983.338 1445.14 974.398 1387.44
974.398 1387.44 966.087 1333.62
966.087 1333.62 958.406 1283.64
958.406 1283.64 951.359 1237.49
951.359 1237.49 944.951 1195.13
944.951 1195.13 939.187 1156.5
939.187 1156.5 934.075 1121.53
934.075 1121.53 929.626 1090.12
929.626 1090.12 925.856 1062.13
925.856 1062.13 922.785 1037.38
922.785 1037.38 920.445 1015.59
920.445 1015.59 918.875 996.413
918.875 996.413 918.127 979.372
918.127 979.372 918.268 963.885
918.268 963.885 919.373 949.262
919.373 949.262 918.268 963.885
918.268 963.885 919.373 949.262
919.373 949.262 921.527 934.756
921.527 934.756 924.813 919.62
924.813 919.62 925.455 917.07
Vertex 256.733 330.744
177.228 355.665 184.536 360.116
184.536 360.116 201.083 369.722
201.083 369.722 216.771 378.072
216.771 378.072 232.175 385.425
232.175 385.425 216.771 378.072
216.771 378.072 232.175 385.425
232.175 385.425 247.903 392.054
247.903 392.054 264.567 398.233
264.567 398.233 282.738 404.22
282.738 404.22 301.125 409.725
199.293 276.886 193.578 293.03
193.578 293.03 188.032 310.723
188.032 310.723 193.578 293.03
193.578 293.03 188.032 310.723
188.032 310.723 183.204 328.627
183.204 328.627 178.923 347.334
178.923 347.334 177.228 355.665
282.011 256.305 274.301 257.988
274.301 257.988 257.082 261.898
257.082 261.898 240.598 265.873
240.598 265.873 257.082 261.898
257.082 261.898 240.598 265.873
240.598 265.873 224.172 270.083
224.172 270.083 207.127 274.696
207.127 274.696 199.293 276.886
331.818 308.343 329.395 306.05
329.395 306.05 317.484 294.494
317.484 294.494 306.378 283.193
306.378 283.193 317.484 294.494
317.484 294.494 306.378 283.193
306.378 283.193 295.565 271.61
295.565 271.61 284.533 259.212
284.533 259.212 282.011 256.305
316.025 399.797 316.554 391.074
316.554 391.074 317.966 373.982
317.966 373.982 319.864 358.493
319.864 358.493 322.385 343.914
322.385 343.914 319.864 358.493
319.864 358.493 322.385 343.914
322.385 343.914 325.682 329.491
325.682 329.491 329.905 314.468
329.905 314.468 331.818 308.343
301.125 409.725 306.812 405.941
306.812 405.941 316.025 399.797
Vertex 651.36 672.4
651.952 762.946 667.319 756.712
667.319 756.712 685.078 749.127
685.078 749.127 667.319 756.712
667.319 756.712 685.078 749.127
685.078 749.127 702.674 741.175
702.674 741.175 705.03 740.078
567.922 677.111 578.952 691.094
578.952 691.094 590.975 705.333
590.975 705.333 603.117 718.578
603.117 718.578 590.975 705.333
590.975 705.333 603.117 718.578
603.117 718.578 615.817 731.287
615.817 731.287 629.518 743.921
629.518 743.921 644.634 756.914
644.634 756.914 651.952 762.946
630.857 592.789 629.565 594.69
629.565 594.69 619.543 609.254
619.543 609.254 610.187 622.481
610.187 622.481 601.074 634.935
601.074 634.935 610.187 622.481
610.187 622.481 601.074 634.935
601.074 634.935 591.747 647.231
591.747 647.231 581.751 659.981
581.751 659.981 570.663 673.751
570.663 673.751 567.922 677.111
712.263 604.311 697.98 602.016
697.98 602.016 679.498 599.198
679.498 599.198 661.64 596.671
661.64 596.671 679.498 599.198
679.498 599.198 661.64 596.671
661.64 596.671 643.755 594.346
643.755 594.346 630.857 592.789
705.03 740.078 706.782 730.433
706.782 730.433 709.846 711.31
709.846 711.31 712.07 693.42
712.07 693.42 713.494 676.145
713.494 676.145 712.07 693.42
712.07 693.42 713.494 676.145
713.494 676.145 714.156 658.823
714.156 658.823 714.096 640.796
714.096 640.796 713.352 621.444
713.352 621.444 712.263 604.311
Vertex 794.891 228.423
828.696 152.686 813.083 155.642
813.083 155.642 795.299 159.404
795.299 159.404 778.289 163.491
778.289 163.491 795.299 159.404
795.299 159.404 778.289 163.491
778.289 163.491 761.404 168.07
761.404 168.07 743.997 173.306
743.997 173.306 734.122 176.475
872.076 192.622 862.178 182.903
862.178 182.903 848.274 169.866
848.274 169.866 862.178 182.903
862.178 182.903 848.274 169.866
848.274 169.866 834.011 157.224
834.011 157.224 828.696 152.686
841.872 300.208 842.896 296.971
842.896 296.971 848.491 278.986
848.491 278.986 853.512 262.259
853.512 262.259 858.138 246.156
858.138 246.156 853.512 262.259
853.512 262.259 858.138 246.156
858.138 246.156 862.558 229.995
862.558 229.995 866.965 213.096
866.965 213.096 871.536 194.824
871.536 194.824 872.076 192.622
756.226 300.618 757.986 300.699
757.986 300.699 776.757 301.355
776.757 301.355 794.899 301.576
794.899 301.576 776.757 301.355
776.757 301.355 794.879 301.576
794.879 301.576 813.001 301.361
813.001 301.361 831.772 300.711
831.772 300.711 841.872 300.208
722.75 261.725 728.597 267.234
728.597 267.234 738.834 277.976
738.834 277.976 728.597 267.234
728.597 267.234 738.834 277.976
738.834 277.976 748.238 289.453
748.238 289.453 756.226 300.618
734.122 176.475 732.71 183.71
732.71 183.71 729.497 201.849
729.497 201.849 726.899 219.406
726.899 219.406 729.497 201.849
729.497 201.849 726.899 219.406
726.899 219.406 724.831 237.032
724.831 237.032 723.205 255.382
723.205 255.382 722.75 261.725
Vertex 927.227 835.777
842.357 808.042 842.315 818.91
842.315 818.91 842.711 838.805
842.711 838.805 842.315 818.91
842.315 818.91 842.711 838.805
842.711 838.805 843.546 855.694
897.08 761.973 894.805 763.61
894.805 763.61 879.288 775.373
879.288 775.373 894.805 763.61
894.805 763.61 879.288 775.373
879.288 775.373 864.308 787.813
864.308 787.813 849.41 801.293
849.41 801.293 842.357 808.042
1500.66 879.597 1443.64 868.307
1443.64 868.307 1386.18 856.931
1386.18 856.931 1332.53 846.312
1332.53 846.312 1282.66 836.445
1282.66 836.445 1236.55 827.325
1236.55 827.325 1194.13 818.941
1194.13 818.941 1155.35 811.282
1155.35 811.282 1120.12 804.332
1120.12 804.332 1088.31 798.069
1088.31 798.069 1059.77 792.464
1059.77 792.464 1034.27 787.479
1034.27 787.479 1011.54 783.059
1011.54 783.059 991.193 779.138
991.193 779.138 972.759 775.63
972.759 775.63 955.667 772.431
955.667 772.431 939.264 769.423
939.264 769.423 955.667 772.431
955.667 772.431 939.264 769.423
939.264 769.423 922.849 766.478
922.849 766.478 905.723 763.47
905.723 763.47 897.08 761.973
925.455 917.07 933.589 914.04
933.589 914.04 948.183 909.372
948.183 909.372 933.589 914.04
933.589 914.04 948.183 909.372
948.183 909.372 963.047 905.651
963.047 905.651 978.88 902.678
978.88 902.678 996.33 900.267
996.33 900.267 1015.95 898.26
1015.95 898.26 1038.21 896.528
1038.21 896.528 1063.44 894.971
1063.44 894.971 1091.92 893.512
1091.92 893.512 1123.84 892.098
1123.84 892.098 1159.34 890.686
1159.34 890.686 1198.53 889.248
1198.53 889.248 1241.48 887.763
1241.48 887.763 1288.24 886.214
1288.24 886.214 1338.86 884.59
1338.86 884.59 1393.37 882.882
1393.37 882.882 1451.79 881.083
1451.79 881.083 1500.66 879.597
843.546 855.694 846.013 857.538
846.013 857.538 860.821 868.608
860.821 868.608 874.502 878.845
874.502 878.845 887.598 888.654
887.598 888.654 874.502 878.845
874.502 878.845 887.598 888.654
887.598 888.654 900.688 898.47
900.688 898.47 914.354 908.729
914.354 908.729 925.455 917.07
Vertex 207.671 60.4291
270.935 121.966 273.49 111.584
273.49 111.584 277.769 93.1547
277.769 93.1547 281.553 75.2839
281.553 75.2839 277.769 93.1547
277.769 93.1547 281.553 75.2839
281.553 75.2839 284.97 57.3393
284.97 57.3393 288.146 38.688
288.146 38.688 291.203 18.7328
291.203 18.7328 294.247 -3.06028
294.247 -3.06028 297.369 -27.1463
297.369 -27.1463 300.646 -53.8985
300.646 -53.8985 304.136 -83.614
304.136 -83.614 307.886 -116.524
307.886 -116.524 311.932 -152.807
311.932 -152.807 316.301 -192.599
316.301 -192.599 321.014 -236.002
321.014 -236.002 326.087 -283.095
326.087 -283.095 331.531 -333.938
331.531 -333.938 337.357 -388.578
337.357 -388.578 343.57 -447.05
343.57 -447.05 350.178 -509.382
350.178 -509.382 357.184 -575.595
357.184 -575.595 364.591 -645.706
364.591 -645.706 372.402 -719.73
372.402 -719.73 380.621 -797.676
380.621 -797.676 389.247 -879.555
389.247 -879.555 398.283 -965.372
398.283 -965.372 407.73 -1055.13
407.73 -1055.13 417.589 -1148.85
417.589 -1148.85 427.861 -1246.51
427.861 -1246.51 438.546 -1348.14
438.546 -1348.14 449.644 -1453.72
449.644 -1453.72 461.158 -1563.26
461.158 -1563.26 473.086 -1676.77
473.086 -1676.77 485.429 -1794.25
485.429 -1794.25 498.188 -1915.69
498.188 -1915.69 507.044 -2000
151.083 135.414 163.391 133.89
163.391 133.89 181.804 131.652
181.804 131.652 198.841 129.642
198.841 129.642 215.168 127.787
215.168 127.787 198.841 129.642
198.841 129.642 215.168 127.787
215.168 127.787 231.504 126.007
231.504 126.007 248.565 124.221
248.565 124.221 267.021 122.355
267.021 122.355 270.935 121.966
-275.603 -2000 -251.459 -1878.8
-251.459 -1878.8 -227.607 -1759.07
-227.607 -1759.07 -204.534 -1643.26
-204.534 -1643.26 -182.241 -1531.35
-182.241 -1531.35 -160.728 -1423.36
-160.728 -1423.36 -139.993 -1319.29
-139.993 -1319.29 -120.037 -1219.11
-120.037 -1219.11 -100.859 -1122.85
-100.859 -1122.85 -82.459 -1030.49
-82.459 -1030.49 -64.8357 -942.035
-64.8357 -942.035 -47.9887 -857.475
-47.9887 -857.475 -31.9168 -776.807
-31.9168 -776.807 -16.619 -700.027
-16.619 -700.027 -2.09391 -627.127
-2.09391 -627.127 11.6604 -558.099
11.6604 -558.099 24.6462 -492.931
24.6462 -492.931 36.8662 -431.61
36.8662 -431.61 48.3243 -374.119
48.3243 -374.119 59.025 -320.434
59.025 -320.434 68.9745 -270.526
68.9745 -270.526 78.1809 -224.357
78.1809 -224.357 86.6548 -181.874
86.6548 -181.874 94.4103 -143.011
94.4103 -143.011 101.466 -107.675
101.466 -107.675 107.849 -75.745
107.849 -75.745 113.591 -47.0558
113.591 -47.0558 118.739 -21.3882
118.739 -21.3882 123.353 1.54719
123.353 1.54719 127.51 22.1241
127.51 22.1241 131.308 40.8106
131.308 40.8106 134.863 58.1682
134.863 58.1682 138.308 74.8359
138.308 74.8359 134.863 58.1682
134.863 58.1682 138.308 74.8359
138.308 74.8359 141.786 91.497
141.786 91.497 145.437 108.835
145.437 108.835 149.394 127.488
149.394 127.488 151.083 135.414
Vertex 222.39 192.669
199.293 276.886 207.127 274.696
207.127 274.696 224.172 270.083
224.172 270.083 240.598 265.873
240.598 265.873 224.172 270.083
224.172 270.083 240.598 265.873
240.598 265.873 257.082 261.898
257.082 261.898 274.301 257.988
274.301 257.988 282.011 256.305
129.283 168.241 136.569 181.974
136.569 181.974 146.195 199.321
146.195 199.321 155.63 215.28
155.63 215.28 165.212 230.364
165.212 230.364 155.63 215.28
155.63 215.28 165.212 230.364
165.212 230.364 175.299 245.115
175.299 245.115 186.248 260.076
186.248 260.076 198.397 275.759
198.397 275.759 199.293 276.886
151.083 135.414 146.619 142.089
146.619 142.089 135.892 158.23
135.892 158.23 129.283 168.241
270.935 121.966 267.021 122.355
267.021 122.355 248.565 124.221
248.565 124.221 231.504 126.007
231.504 126.007 215.168 127.787
215.168 127.787 231.504 126.007
231.504 126.007 215.168 127.787
215.168 127.787 198.841 129.642
198.841 129.642 181.804 131.652
181.804 131.652 163.391 133.89
163.391 133.89 151.083 135.414
312.358 184.57 309.779 180.346
309.779 180.346 299.407 163.788
299.407 163.788 289.045 147.972
289.045 147.972 299.407 163.788
299.407 163.788 289.045 147.972
289.045 147.972 278.347 132.382
278.347 132.382 270.935 121.966
282.011 256.305 282.802 253.921
282.802 253.921 288.469 237.82
288.469 237.82 294.446 222.615
294.446 222.615 288.469 237.82
288.469 237.82 294.446 222.615
294.446 222.615 301.006 207.652
301.006 207.652 308.421 192.278
308.421 192.278 312.358 184.57
Vertex 518.265 478.532
496.839 563.047 508.823 558.45
508.823 558.45 524.67 552.73
524.67 552.73 539.965 547.681
539.965 547.681 524.67 552.73
524.67 552.73 539.965 547.681
539.965 547.681 555.403 543.085
555.403 543.085 571.676 538.726
571.676 538.726 586.553 535.077
442.614 527.124 456.557 537.083
456.557 537.083 472.812 548.058
472.812 548.058 456.557 537.083
456.557 537.083 472.812 548.058
472.812 548.058 489.387 558.545
489.387 558.545 496.839 563.047
440.334 446.197 440.572 462.512
440.572 462.512 440.963 480.519
440.963 480.519 440.572 462.512
440.572 462.512 440.963 480.519
440.963 480.519 441.498 498.523
441.498 498.523 442.193 517.182
442.193 517.182 442.614 527.124
502.89 398.428 498.486 402.686
498.486 402.686 486.768 413.361
486.768 413.361 475.133 422.914
475.133 422.914 486.768 413.361
486.768 413.361 475.133 422.914
475.133 422.914 462.985 431.805
462.985 431.805 449.729 440.497
449.729 440.497 440.334 446.197
569.478 406.768 559.809 406.842
559.809 406.842 544.299 406.218
544.299 406.218 529.697 404.552
529.697 404.552 544.299 406.218
544.299 406.218 529.697 404.552
529.697 404.552 515.273 401.732
515.273 401.732 502.89 398.428
606.779 443.617 605.922 442.825
605.922 442.825 592.61 430.243
592.61 430.243 580.088 417.817
580.088 417.817 592.61 430.243
592.61 430.243 580.088 417.817
580.088 417.817 569.478 406.768
586.553 535.077 587.413 531.225
587.413 531.225 591.454 513.089
591.454 513.089 595.335 495.598
595.335 495.598 591.454 513.089
591.454 513.089 595.335 495.598
595.335 495.598 599.201 478.103
599.201 478.103 603.194 459.957
603.194 459.957 606.779 443.617
Vertex 357.901 482.654
442.614 527.124 442.193 517.182
442.193 517.182 441.498 498.523
441.498 498.523 440.963 480.519
440.963 480.519 441.498 498.523
441.498 498.523 440.963 480.519
440.963 480.519 440.572 462.512
440.572 462.512 440.334 446.197
315.381 570.156 326.238 567.431
326.238 567.431 345.732 562.226
345.732 562.226 363.876 556.911
363.876 556.911 381.239 551.292
381.239 551.292 363.876 556.911
363.876 556.911 381.239 551.292
381.239 551.292 398.429 545.162
398.429 545.162 416.052 538.316
416.052 538.316 434.679 530.559
434.679 530.559 442.614 527.124
288.518 551.533 303.159 561.798
303.159 561.798 315.381 570.156
301.125 409.725 298.939 420.507
298.939 420.507 295.36 440.062
295.36 440.062 292.58 458.435
292.58 458.435 290.54 476.231
290.54 476.231 292.58 458.435
292.58 458.435 290.54 476.231
290.54 476.231 289.179 494.091
289.179 494.091 288.437 512.658
288.437 512.658 288.255 532.537
288.255 532.537 288.518 551.533
316.025 399.797 306.812 405.941
306.812 405.941 301.125 409.725
395.677 406.416 395.622 406.417
395.622 406.417 378.885 406.431
378.885 406.431 362.912 405.759
362.912 405.759 378.885 406.431
378.885 406.431 362.912 405.759
362.912 405.759 346.987 404.353
346.987 404.353 330.393 402.166
330.393 402.166 316.025 399.797
440.334 446.197 437.705 444.255
437.705 444.255 424.603 433.999
424.603 433.999 412.645 423.55
412.645 423.55 424.603 433.999
424.603 433.999 412.645 423.55
412.645 423.55 401.312 412.426
401.312 412.426 395.677 406.416
Vertex 524.422 79.5558
468.851 154.055 486.576 158.416
486.576 158.416 505.039 162.8
505.039 162.8 486.576 158.416
486.576 158.416 505.039 162.8
505.039 162.8 523.54 167.023
523.54 167.023 542.688 171.225
542.688 171.225 544.397 171.593
542.451 -1545.3 536.611 -1444.29
536.611 -1444.29 530.486 -1338.32
530.486 -1338.32 524.595 -1236.34
524.595 -1236.34 518.938 -1138.33
518.938 -1138.33 513.513 -1044.28
513.513 -1044.28 508.323 -954.212
508.323 -954.212 503.366 -868.104
503.366 -868.104 498.645 -785.954
498.645 -785.954 494.158 -707.756
494.158 -707.756 489.908 -633.503
489.908 -633.503 485.894 -563.184
485.894 -563.184 482.118 -496.787
482.118 -496.787 478.581 -434.297
478.581 -434.297 475.286 -375.694
475.286 -375.694 472.234 -320.952
472.234 -320.952 469.428 -270.038
469.428 -270.038 466.871 -222.911
466.871 -222.911 464.57 -179.514
464.57 -179.514 462.531 -139.773
462.531 -139.773 460.761 -103.589
460.761 -103.589 459.274 -70.8331
459.274 -70.8331 458.084 -41.332
458.084 -41.332 457.211 -14.858
457.211 -14.858 456.681 8.88488
456.681 8.88488 456.529 30.2736
456.529 30.2736 456.796 49.7736
456.796 49.7736 457.53 67.937
457.53 67.937 458.787 85.3862
458.787 85.3862 457.53 67.937
457.53 67.937 458.787 85.3862
458.787 85.3862 460.625 102.784
460.625 102.784 463.104 120.792
463.104 120.792 466.279 140.034
466.279 140.034 468.851 154.055
611.835 111.85 609.113 105.851
609.113 105.851 602.4 90.0353
602.4 90.0353 596.981 75.3729
596.981 75.3729 592.674 61.1928
592.674 61.1928 596.981 75.3729
596.981 75.3729 592.674 61.1928
592.674 61.1928 589.284 46.7661
589.284 46.7661 586.615 31.3638
586.615 31.3638 584.486 14.3149
584.486 14.3149 582.743 -4.95319
582.743 -4.95319 581.262 -26.8996
581.262 -26.8996 579.949 -51.8754
579.949 -51.8754 578.735 -80.1405
578.735 -80.1405 577.567 -111.884
577.567 -111.884 576.411 -147.241
576.411 -147.241 575.239 -186.311
575.239 -186.311 574.032 -229.163
574.032 -229.163 572.777 -275.849
572.777 -275.849 571.463 -326.407
571.463 -326.407 570.083 -380.865
570.083 -380.865 568.631 -439.244
568.631 -439.244 567.103 -501.558
567.103 -501.558 565.496 -567.822
565.496 -567.822 563.807 -638.044
563.807 -638.044 562.035 -712.231
562.035 -712.231 560.177 -790.389
560.177 -790.389 558.232 -872.524
558.232 -872.524 556.2 -958.638
556.2 -958.638 554.079 -1048.73
554.079 -1048.73 551.869 -1142.82
551.869 -1142.82 549.57 -1240.88
549.57 -1240.88 547.181 -1342.94
547.181 -1342.94 544.701 -1448.99
544.701 -1448.99 542.451 -1545.3
544.397 171.593 550.677 166.198
550.677 166.198 565.212 153.596
565.212 153.596 579.174 141.312
579.174 141.312 565.212 153.596
565.212 153.596 579.174 141.312
579.174 141.312 593.042 128.922
593.042 128.922 607.294 116.002
607.294 116.002 611.835 111.85
Vertex 928.489 265.881
872.076 192.622 871.536 194.824
871.536 194.824 866.965 213.096
866.965 213.096 862.558 229.995
862.558 229.995 858.138 246.156
858.138 246.156 862.558 229.995
862.558 229.995 858.138 246.156
858.138 246.156 853.512 262.259
853.512 262.259 848.491 278.986
848.491 278.986 842.896 296.971
842.896 296.971 841.872 300.208
2000 221.526 1973.45 220.508
1973.45 220.508 1887.2 217.206
1887.2 217.206 1804.9 214.061
1804.9 214.061 1726.55 211.073
1726.55 211.073 1652.14 208.243
1652.14 208.243 1581.66 205.572
1581.66 205.572 1515.08 203.061
1515.08 203.061 1452.4 200.71
1452.4 200.71 1393.58 198.522
1393.58 198.522 1338.61 196.497
1338.61 196.497 1287.43 194.639
1287.43 194.639 1240.01 192.95
1240.01 192.95 1196.28 191.434
1196.28 191.434 1156.15 190.096
1156.15 190.096 1119.52 188.943
1119.52 188.943 1086.25 187.982
1086.25 187.982 1056.15 187.226
1056.15 187.226 1028.98 186.688
1028.98 186.688 1004.44 186.387
1004.44 186.387 982.15 186.346
982.15 186.346 961.649 186.591
961.649 186.591 942.402 187.157
942.402 187.157 923.81 188.077
923.81 188.077 942.402 187.157
942.402 187.157 923.81 188.077
923.81 188.077 905.242 189.391
905.242 189.391 886.066 191.137
886.066 191.137 872.076 192.622
893.427 354.404 910.074 349.424
910.074 349.424 926.001 345.39
926.001 345.39 941.365 342.353
941.365 342.353 926.001 345.39
926.001 345.39 941.365 342.353
941.365 342.353 956.877 340.191
956.877 340.191 973.247 338.786
973.247 338.786 991.134 338.027
991.134 338.027 1011.11 337.818
1011.11 337.818 1033.64 338.079
1033.64 338.079 1059.08 338.75
1059.08 338.75 1087.72 339.784
1087.72 339.784 1119.76 341.148
1119.76 341.148 1155.35 342.815
1155.35 342.815 1194.59 344.767
1194.59 344.767 1237.57 346.99
1237.57 346.99 1284.35 349.476
1284.35 349.476 1334.97 352.215
1334.97 352.215 1389.46 355.204
1389.46 355.204 1447.85 358.437
1447.85 358.437 1510.16 361.912
1510.16 361.912 1576.4 365.625
1576.4 365.625 1646.59 369.576
1646.59 369.576 1720.73 373.762
1720.73 373.762 1798.82 378.182
1798.82 378.182 1880.88 382.836
1880.88 382.836 1966.91 387.723
1966.91 387.723 2000 389.604
841.872 300.208 852.31 311.573
852.31 311.573 865.482 325.63
865.482 325.63 852.31 311.573
852.31 311.573 865.482 325.63
865.482 325.63 878.82 339.53
878.82 339.53 892.748 353.72
892.748 353.72 893.427 354.404
Vertex 442.262 930.463
428.684 835.438 423.13 840.862
423.13 840.862 411.865 850.419
411.865 850.419 400.323 858.119
400.323 858.119 411.865 850.419
411.865 850.419 400.323 858.119
400.323 858.119 387.906 864.309
387.906 864.309 374.013 869.335
374.013 869.335 365.658 871.692
536.255 902.727 530.23 898.427
530.23 898.427 513.579 886.803
513.579 886.803 497.759 876.195
497.759 876.195 482.258 866.285
482.258 866.285 497.759 876.195
497.759 876.195 482.258 866.285
482.258 866.285 466.533 856.735
466.533 856.735 450.041 847.205
450.041 847.205 432.27 837.377
432.27 837.377 428.684 835.438
600.267 2000 598.559 1977.09
598.559 1977.09 592.151 1891.08
592.151 1891.08 586.044 1809.01
586.044 1809.01 580.24 1730.89
580.24 1730.89 574.739 1656.72
574.739 1656.72 569.542 1586.47
569.542 1586.47 564.65 1520.13
564.65 1520.13 560.064 1457.7
560.064 1457.7 555.786 1399.15
555.786 1399.15 551.818 1344.45
551.818 1344.45 548.163 1293.57
548.163 1293.57 544.823 1246.47
544.823 1246.47 541.805 1203.1
541.805 1203.1 539.113 1163.36
539.113 1163.36 536.756 1127.18
536.756 1127.18 534.745 1094.41
534.745 1094.41 533.093 1064.89
533.093 1064.89 531.82 1038.38
531.82 1038.38 530.948 1014.58
530.948 1014.58 530.51 993.131
530.51 993.131 530.542 973.555
530.542 973.555 531.089 955.306
531.089 955.306 532.202 937.765
532.202 937.765 531.089 955.306
531.089 955.306 532.202 937.765
532.202 937.765 533.933 920.274
533.933 920.274 536.255 902.727
365.658 871.692 364.703 890.307
364.703 890.307 363.8 909.023
363.8 909.023 362.996 927.086
362.996 927.086 363.8 909.023
363.8 909.023 362.996 927.086
362.996 927.086 362.261 945.152
362.261 945.152 361.568 963.877
361.568 963.877 360.891 983.882
360.891 983.882 360.206 1005.72
360.206 1005.72 359.493 1029.85
359.493 1029.85 358.736 1056.66
358.736 1056.66 357.922 1086.46
357.922 1086.46 357.041 1119.48
357.041 1119.48 356.086 1155.89
356.086 1155.89 355.05 1195.84
355.05 1195.84 353.929 1239.42
353.929 1239.42 352.72 1286.72
352.72 1286.72 351.42 1337.79
351.42 1337.79 350.027 1392.69
350.027 1392.69 348.54 1451.44
348.54 1451.44 346.958 1514.07
346.958 1514.07 345.28 1580.61
345.28 1580.61 343.505 1651.07
343.505 1651.07 341.632 1725.46
341.632 1725.46 339.661 1803.8
339.661 1803.8 337.592 1886.09
337.592 1886.09 335.424 1972.34
335.424 1972.34 334.729 2000
Vertex 673.025 512.802
752.081 573.219 751.817 571.366
751.817 571.366 750.203 555.439
750.203 555.439 750.14 541.185
750.14 541.185 751.75 527.969
751.75 527.969 750.14 541.185
750.14 541.185 751.75 527.969
751.75 527.969 755.166 515.101
755.166 515.101 760.52 501.891
760.52 501.891 765.127 492.765
712.263 604.311 716.035 601.49
716.035 601.49 732.467 588.906
732.467 588.906 716.035 601.49
716.035 601.49 732.467 588.906
732.467 588.906 748.656 576.012
748.656 576.012 752.081 573.219
630.857 592.789 643.755 594.346
643.755 594.346 661.64 596.671
661.64 596.671 643.755 594.346
643.755 594.346 661.64 596.671
661.64 596.671 679.498 599.198
679.498 599.198 697.98 602.016
697.98 602.016 712.263 604.311
586.553 535.077 586.678 535.224
586.678 535.224 598.067 548.931
598.067 548.931 608.691 562.363
608.691 562.363 598.067 548.931
598.067 548.931 608.691 562.363
608.691 562.363 618.967 576.062
618.967 576.062 629.315 590.571
629.315 590.571 630.857 592.789
606.779 443.617 603.194 459.957
603.194 459.957 599.201 478.103
599.201 478.103 595.335 495.598
595.335 495.598 599.201 478.103
599.201 478.103 595.335 495.598
595.335 495.598 591.454 513.089
591.454 513.089 587.413 531.225
587.413 531.225 586.553 535.077
690.973 417.809 681.93 421.156
681.93 421.156 664.955 427.104
664.955 427.104 648.484 432.386
648.484 432.386 664.955 427.104
664.955 427.104 648.484 432.386
648.484 432.386 631.871 437.201
631.871 437.201 614.467 441.745
614.467 441.745 606.779 443.617
765.127 492.765 756.503 483.53
756.503 483.53 743.264 469.6
743.264 469.6 730.302 456.293
730.302 456.293 743.264 469.6
743.264 469.6 730.302 456.293
730.302 456.293 717.171 443.153
717.171 443.153 703.421 429.727
703.421 429.727 690.973 417.809
Vertex 67.8052 89.4797
129.283 168.241 135.892 158.23
135.892 158.23 146.619 142.089
146.619 142.089 135.892 158.23
135.892 158.23 146.619 142.089
146.619 142.089 151.083 135.414
-2000 176.042 -1938.47 176.307
-1938.47 176.307 -1816.32 176.832
-1816.32 176.832 -1698.16 177.337
-1698.16 177.337 -1583.98 177.824
-1583.98 177.824 -1473.79 178.29
-1473.79 178.29 -1367.57 178.737
-1367.57 178.737 -1265.33 179.164
-1265.33 179.164 -1167.06 179.57
-1167.06 179.57 -1072.76 179.954
-1072.76 179.954 -982.424 180.318
-982.424 180.318 -896.042 180.659
-896.042 180.659 -813.609 180.977
-813.609 180.977 -735.115 181.271
-735.115 181.271 -660.55 181.54
-660.55 181.54 -589.9 181.783
-589.9 181.783 -523.147 181.997
-523.147 181.997 -460.271 182.181
-460.271 182.181 -401.243 182.331
-401.243 182.331 -346.032 182.445
-346.032 182.445 -294.593 182.517
-294.593 182.517 -246.873 182.542
-246.873 182.542 -202.799 182.514
-202.799 182.514 -162.283 182.421
-162.283 182.421 -125.206 182.253
-125.206 182.253 -91.4195 181.994
-91.4195 181.994 -60.7291 181.624
-60.7291 181.624 -32.8905 181.117
-32.8905 181.117 -7.59708 180.442
-7.59708 180.442 15.5267 179.559
15.5267 179.559 36.9282 178.423
36.9282 178.423 57.122 176.981
57.122 176.981 76.6753 175.172
76.6753 175.172 57.122 176.981
57.122 176.981 76.6753 175.172
76.6753 175.172 96.1843 172.937
96.1843 172.937 116.246 170.213
116.246 170.213 129.283 168.241
-275.603 -2000 -251.459 -1878.8
-251.459 -1878.8 -227.607 -1759.07
-227.607 -1759.07 -204.534 -1643.26
-204.534 -1643.26 -182.241 -1531.35
-182.241 -1531.35 -160.728 -1423.36
-160.728 -1423.36 -139.993 -1319.29
-139.993 -1319.29 -120.037 -1219.11
-120.037 -1219.11 -100.859 -1122.85
-100.859 -1122.85 -82.459 -1030.49
-82.459 -1030.49 -64.8357 -942.035
-64.8357 -942.035 -47.9887 -857.475
-47.9887 -857.475 -31.9168 -776.807
-31.9168 -776.807 -16.619 -700.027
-16.619 -700.027 -2.09391 -627.127
-2.09391 -627.127 11.6604 -558.099
11.6604 -558.099 24.6462 -492.931
24.6462 -492.931 36.8662 -431.61
36.8662 -431.61 48.3243 -374.119
48.3243 -374.119 59.025 -320.434
59.025 -320.434 68.9745 -270.526
68.9745 -270.526 78.1809 -224.357
78.1809 -224.357 86.6548 -181.874
86.6548 -181.874 94.4103 -143.011
94.4103 -143.011 101.466 -107.675
101.466 -107.675 107.849 -75.745
107.849 -75.745 113.591 -47.0558
113.591 -47.0558 118.739 -21.3882
118.739 -21.3882 123.353 1.54719
123.353 1.54719 127.51 22.1241
127.51 22.1241 131.308 40.8106
131.308 40.8106 134.863 58.1682
134.863 58.1682 138.308 74.8359
138.308 74.8359 134.863 58.1682
134.863 58.1682 138.308 74.8359
138.308 74.8359 141.786 91.497
141.786 91.497 145.437 108.835
145.437 108.835 149.394 127.488
149.394 127.488 151.083 135.414
Vertex 280.904 923.588
334.729 2000 335.424 1972.34
335.424 1972.34 337.592 1886.09
337.592 1886.09 339.661 1803.8
339.661 1803.8 341.632 1725.46
341.632 1725.46 343.505 1651.07
343.505 1651.07 345.28 1580.61
345.28 1580.61 346.958 1514.07
346.958 1514.07 348.54 1451.44
348.54 1451.44 350.027 1392.69
350.027 1392.69 351.42 1337.79
351.42 1337.79 352.72 1286.72
352.72 1286.72 353.929 1239.42
353.929 1239.42 355.05 1195.84
355.05 1195.84 356.086 1155.89
356.086 1155.89 357.041 1119.48
357.041 1119.48 357.922 1086.46
357.922 1086.46 358.736 1056.66
358.736 1056.66 359.493 1029.85
359.493 1029.85 360.206 1005.72
360.206 1005.72 360.891 983.882
360.891 983.882 361.568 963.877
361.568 963.877 362.261 945.152
362.261 945.152 362.996 927.086
362.996 927.086 362.261 945.152
362.261 945.152 362.996 927.086
362.996 927.086 363.8 909.023
363.8 909.023 364.703 890.307
364.703 890.307 365.658 871.692
199.379 873.808 198.838 882.733
198.838 882.733 197.862 902.519
197.862 902.519 197.252 921.699
197.252 921.699 197.862 902.519
197.862 902.519 197.252 921.699
197.252 921.699 196.995 940.886
196.995 940.886 197.077 960.697
197.077 960.697 197.485 981.714
197.485 981.714 198.206 1004.47
198.206 1004.47 199.231 1029.41
199.231 1029.41 200.551 1056.92
200.551 1056.92 202.159 1087.31
202.159 1087.31 204.049 1120.82
204.049 1120.82 206.217 1157.63
206.217 1157.63 208.66 1197.91
208.66 1197.91 211.375 1241.75
211.375 1241.75 214.361 1289.26
214.361 1289.26 217.616 1340.48
217.616 1340.48 221.138 1395.49
221.138 1395.49 224.927 1454.32
224.927 1454.32 228.981 1516.99
228.981 1516.99 233.301 1583.55
233.301 1583.55 237.886 1654
237.886 1654 242.736 1728.36
242.736 1728.36 247.85 1806.64
247.85 1806.64 253.228 1888.86
253.228 1888.86 258.869 1975.03
258.869 1975.03 260.506 2000
300.302 826.847 294.405 830.335
294.405 830.335 278.499 839.397
278.499 839.397 263.585 847.304
263.585 847.304 249.056 854.335
249.056 854.335 263.585 847.304
263.585 847.304 249.056 854.335
249.056 854.335 234.263 860.788
234.263 860.788 218.553 866.964
218.553 866.964 201.32 873.142
201.32 873.142 199.379 873.808
337.827 840.3 331.27 838.309
331.27 838.309 314.829 832.669
314.829 832.669 331.27 838.309
331.27 838.309 314.829 832.669
314.829 832.669 300.302 826.847
365.658 871.692 363.23 869.543
363.23 869.543 352.209 858.594
352.209 858.594 363.23 869.543
363.23 869.543 352.209 858.594
352.209 858.594 342.326 846.609
342.326 846.609 337.827 840.3
Vertex 756.867 79.7063
948.644 -2000 943.95 -1911.95
943.95 -1911.95 937.448 -1790.02
937.448 -1790.02 931.158 -1672.07
931.158 -1672.07 925.079 -1558.1
925.079 -1558.1 919.213 -1448.12
919.213 -1448.12 913.558 -1342.11
913.558 -1342.11 908.115 -1240.08
908.115 -1240.08 902.883 -1142.03
902.883 -1142.03 897.862 -1047.94
897.862 -1047.94 893.051 -957.821
893.051 -957.821 888.45 -871.664
888.45 -871.664 884.059 -789.463
884.059 -789.463 879.878 -711.211
879.878 -711.211 875.904 -636.901
875.904 -636.901 872.138 -566.52
872.138 -566.52 868.579 -500.056
868.579 -500.056 865.224 -437.491
865.224 -437.491 862.073 -378.805
862.073 -378.805 859.122 -323.97
859.122 -323.97 856.369 -272.952
856.369 -272.952 853.811 -225.703
853.811 -225.703 851.441 -182.166
851.441 -182.166 849.254 -142.261
849.254 -142.261 847.241 -105.886
847.241 -105.886 845.39 -72.9044
845.39 -72.9044 843.686 -43.1374
843.686 -43.1374 842.11 -16.3508
842.11 -16.3508 840.636 7.75707
840.636 7.75707 839.233 29.5673
839.233 29.5673 837.86 49.5465
837.86 49.5465 836.472 68.2445
836.472 68.2445 835.018 86.2778
835.018 86.2778 836.472 68.2445
836.472 68.2445 835.018 86.2778
835.018 86.2778 833.441 104.301
833.441 104.301 831.686 122.968
831.686 122.968 829.703 142.896
829.703 142.896 828.696 152.686
734.122 176.475 743.997 173.306
743.997 173.306 761.404 168.07
761.404 168.07 778.289 163.491
778.289 163.491 761.404 168.07
761.404 168.07 778.289 163.491
778.289 163.491 795.299 159.404
795.299 159.404 813.083 155.642
813.083 155.642 828.696 152.686
663.249 110.593 670.04 116.961
670.04 116.961 684.229 130.232
684.229 130.232 697.981 143.043
697.981 143.043 684.229 130.232
684.229 130.232 697.981 143.043
697.981 143.043 711.759 155.827
711.759 155.827 726.027 169.013
726.027 169.013 734.122 176.475
667.25 -2000 668.352 -1918.94
668.352 -1918.94 670.011 -1796.89
670.011 -1796.89 671.613 -1678.84
671.613 -1678.84 673.158 -1564.77
673.158 -1564.77 674.647 -1454.7
674.647 -1454.7 676.078 -1348.62
676.078 -1348.62 677.452 -1246.53
677.452 -1246.53 678.769 -1148.42
678.769 -1148.42 680.026 -1054.3
680.026 -1054.3 681.225 -964.166
681.225 -964.166 682.365 -878.009
682.365 -878.009 683.444 -795.83
683.444 -795.83 684.461 -717.622
684.461 -717.622 685.416 -643.381
685.416 -643.381 686.305 -573.1
686.305 -573.1 687.129 -506.771
687.129 -506.771 687.883 -444.382
687.883 -444.382 688.564 -385.92
688.564 -385.92 689.168 -331.365
689.168 -331.365 689.689 -280.695
689.689 -280.695 690.119 -233.878
690.119 -233.878 690.448 -190.87
690.448 -190.87 690.662 -151.615
690.662 -151.615 690.741 -116.035
690.741 -116.035 690.661 -84.0238
690.661 -84.0238 690.384 -55.4351
690.384 -55.4351 689.864 -30.0703
689.864 -30.0703 689.033 -7.66049
689.033 -7.66049 687.805 12.1502
687.805 12.1502 686.069 29.8181
686.069 29.8181 683.688 45.9031
683.688 45.9031 680.503 61.0522
680.503 61.0522 683.688 45.9031
683.688 45.9031 680.503 61.0522
680.503 61.0522 676.345 75.9635
676.345 75.9635 671.042 91.3348
671.042 91.3348 664.437 107.813
664.437 107.813 663.249 110.593
Vertex 74.516 586.986
-1681.18 434.996 nan nan
-1681.18 434.996 -1747.43 435.004
-1747.43 435.004 -1865.81 435.019
-1865.81 435.019 -1988.17 435.037
-1988.17 435.037 -2000 435.039
87.0699 487.439 73.8898 490.906
73.8898 490.906 57.1126 494.528
57.1126 494.528 73.8898 490.906
73.8898 490.906 57.1126 494.528
57.1126 494.528 40.1669 497.254
40.1669 497.254 22.4071 499.206
22.4071 499.206 3.22694 500.498
3.22694 500.498 -17.9107 501.231
-17.9107 501.231 -41.4585 501.49
-41.4585 501.49 -67.7823 501.345
-67.7823 501.345 -97.1694 500.849
-97.1694 500.849 -129.84 500.044
-129.84 500.044 -165.962 498.961
-165.962 498.961 -205.66 497.624
-205.66 497.624 -249.03 496.051
-249.03 496.051 -296.142 494.255
-296.142 494.255 -347.051 492.246
-347.051 492.246 -401.798 490.032
-401.798 490.032 -460.415 487.62
-460.415 487.62 -522.926 485.013
-522.926 485.013 -589.349 482.215
-589.349 482.215 -659.7 479.229
-659.7 479.229 -733.992 476.058
-733.992 476.058 -812.232 472.702
-812.232 472.702 -894.429 469.164
-894.429 469.164 -980.589 465.445
-980.589 465.445 -1070.72 461.545
-1070.72 461.545 -1164.82 457.466
-1164.82 457.466 -1262.89 453.208
-1262.89 453.208 -1364.95 448.771
-1364.95 448.771 -1470.98 444.156
-1470.98 444.156 -1581 439.363
-1581 439.363 -1681.18 434.996
175.946 577.281 171.612 572.595
171.612 572.595 157.66 557.682
157.66 557.682 144.417 543.818
144.417 543.818 131.46 530.573
131.46 530.573 144.417 543.818
144.417 543.818 131.46 530.573
131.46 530.573 118.336 517.492
118.336 517.492 104.596 504.12
104.596 504.12 89.8146 490.029
89.8146 490.029 87.0699 487.439
139.411 667.853 143.877 656.588
143.877 656.588 151.138 638.38
151.138 638.38 158.216 620.774
158.216 620.774 151.138 638.38
151.138 638.38 158.216 620.774
158.216 620.774 165.344 603.188
165.344 603.188 172.759 585.042
172.759 585.042 175.946 577.281
-2000 787.942 -1922.03 783.551
-1922.03 783.551 -1800.11 776.686
-1800.11 776.686 -1682.17 770.045
-1682.17 770.045 -1568.21 763.628
-1568.21 763.628 -1458.23 757.435
-1458.23 757.435 -1352.23 751.466
-1352.23 751.466 -1250.21 745.721
-1250.21 745.721 -1152.15 740.2
-1152.15 740.2 -1058.06 734.902
-1058.06 734.902 -967.941 729.828
-967.941 729.828 -881.777 724.977
-881.777 724.977 -799.566 720.348
-799.566 720.348 -721.301 715.942
-721.301 715.942 -646.973 711.757
-646.973 711.757 -576.569 707.794
-576.569 707.794 -510.076 704.051
-510.076 704.051 -447.476 700.527
-447.476 700.527 -388.747 697.222
-388.747 697.222 -333.859 694.133
-333.859 694.133 -282.777 691.26
-282.777 691.26 -235.452 688.598
-235.452 688.598 -191.822 686.145
-191.822 686.145 -151.806 683.897
-151.806 683.897 -115.298 681.847
-115.298 681.847 -82.1575 679.988
-82.1575 679.988 -52.2021 678.311
-52.2021 678.311 -25.194 676.802
-25.194 676.802 -0.828867 675.445
-0.828867 675.445 21.2751 674.22
21.2751 674.22 41.5826 673.101
41.5826 673.101 60.6381 672.059
60.6381 672.059 79.0499 671.061
79.0499 671.061 60.6381 672.059
60.6381 672.059 79.0499 671.061
79.0499 671.061 97.4622 670.073
97.4622 670.073 116.519 669.06
116.519 669.06 136.829 667.988
136.829 667.988 139.411 667.853
Vertex 483.974 253.271
403.697 199.793 404.101 214.465
404.101 214.465 404.05 231.632
404.05 231.632 403.341 248.056
403.341 248.056 404.05 231.632
404.05 231.632 403.341 248.056
403.341 248.056 401.929 264.434
401.929 264.434 399.767 281.465
399.767 281.465 397.266 297.202
468.851 154.055 464.948 156.641
464.948 156.641 447.995 168.071
447.995 168.071 431.706 179.408
431.706 179.408 447.995 168.071
447.995 168.071 431.706 179.408
431.706 179.408 415.596 190.997
415.596 190.997 403.697 199.793
544.397 171.593 542.688 171.225
542.688 171.225 523.54 167.023
523.54 167.023 505.039 162.8
505.039 162.8 523.54 167.023
523.54 167.023 505.039 162.8
505.039 162.8 486.576 158.416
486.576 158.416 468.851 154.055
583.932 304.591 577.875 284.563
577.875 284.563 572.116 265.439
572.116 265.439 566.754 247.532
566.754 247.532 561.611 230.248
561.611 230.248 566.754 247.532
566.754 247.532 561.611 230.248
561.611 230.248 556.5 212.955
556.5 212.955 551.234 195.019
551.234 195.019 545.636 175.847
545.636 175.847 544.397 171.593
573.699 316.672 nan nan
573.699 316.672 581.786 307.064
581.786 307.064 583.932 304.591
490.586 349.891 495.07 346.443
495.07 346.443 507.728 337.828
507.728 337.828 520.448 330.966
520.448 330.966 507.728 337.828
507.728 337.828 520.448 330.966
520.448 330.966 533.854 325.563
533.854 325.563 548.568 321.328
548.568 321.328 565.166 317.99
565.166 317.99 573.699 316.672
426.942 332.407 427.93 332.543
427.93 332.543 444.503 335.357
444.503 335.357 460.114 339.099
460.114 339.099 444.503 335.357
444.503 335.357 460.114 339.099
460.114 339.099 475.416 343.951
475.416 343.951 490.586 349.891
397.266 297.202 400.858 300.989
400.858 300.989 412.324 313.869
412.324 313.869 400.858 300.989
400.858 300.989 412.324 313.869
412.324 313.869 423.122 327.313
423.122 327.313 426.942 332.407
Vertex 637.952 207.609
544.397 171.593 545.636 175.847
545.636 175.847 551.234 195.019
551.234 195.019 556.5 212.955
556.5 212.955 561.611 230.248
561.611 230.248 556.5 212.955
556.5 212.955 561.611 230.248
561.611 230.248 566.754 247.532
566.754 247.532 572.116 265.439
572.116 265.439 577.875 284.563
577.875 284.563 583.932 304.591
611.835 111.85 607.294 116.002
607.294 116.002 593.042 128.922
593.042 128.922 579.174 141.312
579.174 141.312 593.042 128.922
593.042 128.922 579.174 141.312
579.174 141.312 565.212 153.596
565.212 153.596 550.677 166.198
550.677 166.198 544.397 171.593
663.249 110.593 653.474 111.378
653.474 111.378 636.011 112.154
636.011 112.154 653.474 111.378
653.474 111.378 636.011 112.154
636.011 112.154 618.53 112.089
618.53 112.089 611.835 111.85
734.122 176.475 726.027 169.013
726.027 169.013 711.759 155.827
711.759 155.827 697.981 143.043
697.981 143.043 711.759 155.827
711.759 155.827 697.981 143.043
697.981 143.043 684.229 130.232
684.229 130.232 670.04 116.961
670.04 116.961 663.249 110.593
722.75 261.725 723.205 255.382
723.205 255.382 724.831 237.032
724.831 237.032 726.899 219.406
726.899 219.406 724.831 237.032
724.831 237.032 726.899 219.406
726.899 219.406 729.497 201.849
729.497 201.849 732.71 183.71
732.71 183.71 734.122 176.475
659.378 306.742 666.578 298.157
666.578 298.157 677.042 287.527
677.042 287.527 687.977 278.746
687.977 278.746 677.042 287.527
677.042 287.527 687.977 278.746
687.977 278.746 699.939 271.425
699.939 271.425 713.482 265.173
713.482 265.173 722.75 261.725
583.932 304.591 596.566 304.079
596.566 304.079 615.011 303.887
615.011 303.887 632.772 304.444
632.772 304.444 615.011 303.887
615.011 303.887 632.772 304.444
632.772 304.444 650.49 305.785
650.49 305.785 659.378 306.742
Vertex 83.5623 754.738
159.027 829.807 161.563 818.448
161.563 818.448 166.038 801.304
166.038 801.304 171.168 785.086
171.168 785.086 166.038 801.304
166.038 801.304 171.168 785.086
171.168 785.086 177.169 769.171
177.169 769.171 184.259 752.932
184.259 752.932 188.629 743.787
-2000 983.307 -1907.57 976.84
-1907.57 976.84 -1785.76 968.317
-1785.76 968.317 -1667.92 960.073
-1667.92 960.073 -1554.07 952.106
-1554.07 952.106 -1444.19 944.417
-1444.19 944.417 -1338.28 937.007
-1338.28 937.007 -1236.35 929.873
-1236.35 929.873 -1138.39 923.017
-1138.39 923.017 -1044.39 916.438
-1044.39 916.438 -954.35 910.136
-954.35 910.136 -868.269 904.11
-868.269 904.11 -786.14 898.36
-786.14 898.36 -707.953 892.886
-707.953 892.886 -633.702 887.685
-633.702 887.685 -563.373 882.758
-563.373 882.758 -496.955 878.104
-496.955 878.104 -434.429 873.72
-434.429 873.72 -375.774 869.606
-375.774 869.606 -320.961 865.758
-320.961 865.758 -269.954 862.174
-269.954 862.174 -222.707 858.85
-222.707 858.85 -179.158 855.78
-179.158 855.78 -139.229 852.958
-139.229 852.958 -102.813 850.375
-102.813 850.375 -69.7737 848.02
-69.7737 848.02 -39.9291 845.877
-39.9291 845.877 -13.0438 843.926
-13.0438 843.926 11.1854 842.142
11.1854 842.142 33.1395 840.493
33.1395 840.493 53.2836 838.94
53.2836 838.94 72.1638 837.437
72.1638 837.437 90.3915 835.932
90.3915 835.932 72.1638 837.437
72.1638 837.437 90.3914 835.932
90.3914 835.932 108.614 834.371
108.614 834.371 127.48 832.7
127.48 832.7 147.601 830.866
147.601 830.866 159.027 829.807
-2000 787.942 -1922.03 783.551
-1922.03 783.551 -1800.11 776.686
-1800.11 776.686 -1682.17 770.045
-1682.17 770.045 -1568.21 763.628
-1568.21 763.628 -1458.23 757.435
-1458.23 757.435 -1352.23 751.466
-1352.23 751.466 -1250.21 745.721
-1250.21 745.721 -1152.15 740.2
-1152.15 740.2 -1058.06 734.902
-1058.06 734.902 -967.941 729.828
-967.941 729.828 -881.777 724.977
-881.777 724.977 -799.566 720.348
-799.566 720.348 -721.301 715.942
-721.301 715.942 -646.973 711.757
-646.973 711.757 -576.569 707.794
-576.569 707.794 -510.076 704.051
-510.076 704.051 -447.476 700.527
-447.476 700.527 -388.747 697.222
-388.747 697.222 -333.859 694.133
-333.859 694.133 -282.777 691.26
-282.777 691.26 -235.452 688.598
-235.452 688.598 -191.822 686.145
-191.822 686.145 -151.806 683.897
-151.806 683.897 -115.298 681.847
-115.298 681.847 -82.1575 679.988
-82.1575 679.988 -52.2021 678.311
-52.2021 678.311 -25.194 676.802
-25.194 676.802 -0.828867 675.445
-0.828867 675.445 21.2751 674.22
21.2751 674.22 41.5826 673.101
41.5826 673.101 60.6381 672.059
60.6381 672.059 79.0499 671.061
79.0499 671.061 60.6381 672.059
60.6381 672.059 79.0499 671.061
79.0499 671.061 97.4622 670.073
97.4622 670.073 116.519 669.06
116.519 669.06 136.829 667.988
136.829 667.988 139.411 667.853
188.629 743.787 183.951 736.639
183.951 736.639 173.022 719.889
173.022 719.889 162.463 703.629
162.463 703.629 173.022 719.889
173.022 719.889 162.463 703.629
162.463 703.629 151.941 687.345
151.941 687.345 141.123 670.522
141.123 670.522 139.411 667.853
Vertex 239.634 653.641
315.381 570.156 303.159 561.798
303.159 561.798 288.518 551.533
326.148 717.582 325.614 706.167
325.614 706.167 324.559 685.642
324.559 685.642 323.428 666.364
323.428 666.364 322.177 647.732
322.177 647.732 323.428 666.364
323.428 666.364 322.177 647.732
322.177 647.732 320.761 629.111
320.761 629.111 319.135 609.869
319.135 609.869 317.255 589.403
317.255 589.403 315.381 570.156
281.115 753.124 289.881 744.741
289.881 744.741 302.761 733.808
302.761 733.808 289.881 744.741
289.881 744.741 302.761 733.808
302.761 733.808 316.41 723.851
316.41 723.851 326.148 717.582
188.629 743.787 196.465 743.694
196.465 743.694 214.253 744.01
214.253 744.01 231.303 745.128
231.303 745.128 214.253 744.01
214.253 744.01 231.303 745.128
231.303 745.128 248.273 747.108
248.273 747.108 265.826 750.01
265.826 750.01 281.115 753.124
139.411 667.853 141.123 670.522
141.123 670.522 151.941 687.345
151.941 687.345 162.463 703.629
162.463 703.629 151.941 687.345
151.941 687.345 162.463 703.629
162.463 703.629 173.022 719.889
173.022 719.889 183.951 736.639
183.951 736.639 188.629 743.787
175.946 577.281 172.759 585.042
172.759 585.042 165.344 603.188
165.344 603.188 158.216 620.774
158.216 620.774 165.344 603.188
165.344 603.188 158.216 620.774
158.216 620.774 151.138 638.38
151.138 638.38 143.877 656.588
143.877 656.588 139.411 667.853
288.518 551.533 278.896 553.44
278.896 553.44 257.903 557.747
257.903 557.747 238.117 562.035
238.117 562.035 218.978 566.435
218.978 566.435 238.117 562.035
238.117 562.035 218.978 566.435
218.978 566.435 199.899 571.088
199.899 571.088 180.291 576.131
180.291 576.131 175.946 577.281
Vertex 794.864 392.596
893.811 425.72 892.225 408.75
892.225 408.75 891.551 391.614
891.551 391.614 892.225 408.75
892.225 408.75 891.551 391.614
891.551 391.614 891.877 374.469
891.877 374.469 893.197 356.664
893.197 356.664 893.427 354.404
809.569 498.009 823.64 486.146
823.64 486.146 838.788 473.292
838.788 473.292 853.417 460.781
853.417 460.781 838.788 473.292
838.788 473.292 853.417 460.781
853.417 460.781 867.995 448.211
867.995 448.211 882.991 435.178
882.991 435.178 893.811 425.72
765.127 492.765 769.554 492.651
769.554 492.651 784.879 493.309
784.879 493.309 769.554 492.651
769.554 492.651 784.879 493.309
784.879 493.309 800.034 495.673
800.034 495.673 809.569 498.009
690.973 417.809 703.421 429.727
703.421 429.727 717.171 443.153
717.171 443.153 730.302 456.293
730.302 456.293 717.171 443.153
717.171 443.153 730.302 456.293
730.302 456.293 743.264 469.6
743.264 469.6 756.503 483.53
756.503 483.53 765.127 492.765
700.571 356.241 700.103 361.076
700.103 361.076 697.937 379.073
697.937 379.073 700.103 361.076
700.103 361.076 697.937 379.073
697.937 379.073 695.094 396.976
695.094 396.976 691.486 415.416
691.486 415.416 690.973 417.809
756.226 300.618 751.525 308.252
751.525 308.252 742.641 320.742
742.641 320.742 733.074 331.597
733.074 331.597 742.641 320.742
742.641 320.742 733.074 331.597
733.074 331.597 722.343 341.303
722.343 341.303 709.969 350.347
709.969 350.347 700.571 356.241
841.872 300.208 831.772 300.711
831.772 300.711 813.001 301.361
813.001 301.361 794.859 301.576
794.859 301.576 813.001 301.361
813.001 301.361 794.879 301.576
794.879 301.576 776.757 301.355
776.757 301.355 757.986 300.699
757.986 300.699 756.226 300.618
893.427 354.404 892.748 353.72
892.748 353.72 878.82 339.53
878.82 339.53 865.482 325.63
865.482 325.63 878.82 339.53
878.82 339.53 865.482 325.63
865.482 325.63 852.31 311.573
852.31 311.573 841.872 300.208
Vertex 726.319 842.974
621.61 867.892 627.302 874.082
627.302 874.082 639.526 888.025
639.526 888.025 650.795 901.895
650.795 901.895 639.526 888.025
639.526 888.025 650.795 901.895
650.795 901.895 661.507 916.2
661.507 916.2 672.058 931.449
672.058 931.449 676.605 938.364
651.952 762.946 647.275 777.591
647.275 777.591 641.147 797.438
641.147 797.438 635.434 816.794
635.434 816.794 641.147 797.438
641.147 797.438 635.434 816.794
635.434 816.794 629.974 836.222
629.974 836.222 624.606 856.288
624.606 856.288 621.61 867.892
705.03 740.078 702.674 741.175
702.674 741.175 685.078 749.127
685.078 749.127 702.674 741.175
702.674 741.175 685.078 749.127
685.078 749.127 667.319 756.712
667.319 756.712 651.952 762.946
842.357 808.042 836.273 804.762
836.273 804.762 816.317 794.118
816.317 794.118 797.829 784.451
797.829 784.451 780.328 775.53
780.328 775.53 763.285 767.095
763.285 767.095 780.328 775.53
780.328 775.53 763.285 767.095
763.285 767.095 746.138 758.873
746.138 758.873 728.326 750.591
728.326 750.591 709.318 741.991
709.318 741.991 705.03 740.078
843.546 855.694 842.711 838.805
842.711 838.805 842.315 818.91
842.315 818.91 842.357 808.042
770.675 943.299 778.741 930.907
778.741 930.907 789.135 916.062
789.135 916.062 799.76 902.242
799.76 902.242 789.135 916.062
789.135 916.062 799.76 902.242
799.76 902.242 811.024 888.939
811.024 888.939 823.339 875.644
823.339 875.644 837.09 861.879
837.09 861.879 843.546 855.694
676.605 938.364 692.738 934.924
692.738 934.924 707.977 933.015
707.977 933.015 722.474 932.782
722.474 932.782 707.977 933.015
707.977 933.015 722.474 932.782
722.474 932.782 736.897 934.253
736.897 934.253 751.918 937.457
751.918 937.457 768.157 942.421
768.157 942.421 770.675 943.299
Vertex 914.305 531.684
911.083 638.822 918.697 636.742
918.697 636.742 936.562 632.404
936.562 632.404 918.697 636.742
918.697 636.742 936.562 632.404
936.562 632.404 954.592 628.81
954.592 628.81 973.395 625.825
973.395 625.825 993.549 623.322
993.549 623.322 1015.57 621.188
1015.57 621.188 1039.9 619.323
1039.9 619.323 1066.91 617.647
1066.91 617.647 1096.89 616.095
1096.89 616.095 1130.06 614.617
1130.06 614.617 1166.62 613.172
1166.62 613.172 1206.7 611.73
1206.7 611.73 1250.39 610.269
1250.39 610.269 1297.78 608.771
1297.78 608.771 1348.94 607.222
1348.94 607.222 1403.9 605.611
1403.9 605.611 1462.72 603.931
1462.72 603.931 1525.4 602.175
1525.4 602.175 1591.99 600.338
1591.99 600.338 1662.48 598.417
1662.48 598.417 1736.91 596.407
1736.91 596.407 1815.28 594.308
1815.28 594.308 1897.6 592.115
1897.6 592.115 1983.88 589.829
1983.88 589.829 2000 589.403
811.204 565.895 813.302 567.496
813.302 567.496 830.172 580.289
830.172 580.289 846.167 592.249
846.167 592.249 861.759 603.72
861.759 603.72 846.167 592.249
846.167 592.249 861.759 603.72
861.759 603.72 877.443 615.063
877.443 615.063 893.717 626.642
893.717 626.642 911.05 638.799
911.05 638.799 911.083 638.822
809.569 498.009 811.164 503.677
811.164 503.677 814.27 518.686
814.27 518.686 815.439 533.091
815.439 533.091 814.27 518.686
814.27 518.686 815.439 533.091
815.439 533.091 814.68 547.523
814.68 547.523 812.002 562.614
812.002 562.614 811.204 565.895
893.811 425.72 882.991 435.178
882.991 435.178 867.995 448.211
867.995 448.211 853.417 460.781
853.417 460.781 867.995 448.211
867.995 448.211 853.417 460.781
853.417 460.781 838.788 473.292
838.788 473.292 823.64 486.146
823.64 486.146 809.569 498.009
2000 407.06 1968.78 408.608
1968.78 408.608 1882.68 412.865
1882.68 412.865 1800.54 416.916
1800.54 416.916 1722.36 420.756
1722.36 420.756 1648.14 424.386
1648.14 424.386 1577.86 427.803
1577.86 427.803 1511.51 431.004
1511.51 431.004 1449.09 433.987
1449.09 433.987 1390.57 436.746
1390.57 436.746 1335.93 439.276
1335.93 439.276 1285.15 441.57
1285.15 441.57 1238.18 443.619
1238.18 443.619 1194.98 445.41
1194.98 445.41 1155.48 446.927
1155.48 446.927 1119.6 448.148
1119.6 448.148 1087.21 449.044
1087.21 449.044 1058.16 449.574
1058.16 449.574 1032.24 449.688
1032.24 449.688 1009.17 449.315
1009.17 449.315 988.608 448.367
988.608 448.367 970.101 446.733
970.101 446.733 953.123 444.28
953.123 444.28 937.071 440.857
937.071 440.857 953.123 444.28
953.123 444.28 937.071 440.857
937.071 440.857 921.302 436.304
921.302 436.304 905.174 430.459
905.174 430.459 893.811 425.72
Vertex 918.108 93.2647
948.644 -2000 943.95 -1911.95
943.95 -1911.95 937.448 -1790.02
937.448 -1790.02 931.158 -1672.07
931.158 -1672.07 925.079 -1558.1
925.079 -1558.1 919.213 -1448.12
919.213 -1448.12 913.558 -1342.11
913.558 -1342.11 908.115 -1240.08
908.115 -1240.08 902.883 -1142.03
902.883 -1142.03 897.862 -1047.94
897.862 -1047.94 893.051 -957.821
893.051 -957.821 888.45 -871.664
888.45 -871.664 884.059 -789.463
884.059 -789.463 879.878 -711.211
879.878 -711.211 875.904 -636.901
875.904 -636.901 872.138 -566.52
872.138 -566.52 868.579 -500.056
868.579 -500.056 865.224 -437.491
865.224 -437.491 862.073 -378.805
862.073 -378.805 859.122 -323.97
859.122 -323.97 856.369 -272.952
856.369 -272.952 853.811 -225.703
853.811 -225.703 851.441 -182.166
851.441 -182.166 849.254 -142.261
849.254 -142.261 847.241 -105.886
847.241 -105.886 845.39 -72.9044
845.39 -72.9044 843.686 -43.1374
843.686 -43.1374 842.11 -16.3508
842.11 -16.3508 840.636 7.75707
840.636 7.75707 839.233 29.5673
839.233 29.5673 837.86 49.5465
837.86 49.5465 836.472 68.2445
836.472 68.2445 835.018 86.2778
835.018 86.2778 836.472 68.2445
836.472 68.2445 835.018 86.2778
835.018 86.2778 833.441 104.301
833.441 104.301 831.686 122.968
831.686 122.968 829.703 142.896
829.703 142.896 828.696 152.686
872.076 192.622 886.066 191.137
886.066 191.137 905.242 189.391
905.242 189.391 923.81 188.077
923.81 188.077 905.242 189.391
905.242 189.391 923.81 188.077
923.81 188.077 942.402 187.157
942.402 187.157 961.649 186.591
961.649 186.591 982.15 186.346
982.15 186.346 1004.44 186.387
1004.44 186.387 1028.98 186.688
1028.98 186.688 1056.15 187.226
1056.15 187.226 1086.25 187.982
1086.25 187.982 1119.52 188.943
1119.52 188.943 1156.15 190.096
1156.15 190.096 1196.28 191.434
1196.28 191.434 1240.01 192.95
1240.01 192.95 1287.43 194.639
1287.43 194.639 1338.61 196.497
1338.61 196.497 1393.58 198.522
1393.58 198.522 1452.4 200.71
1452.4 200.71 1515.08 203.061
1515.08 203.061 1581.66 205.572
1581.66 205.572 1652.14 208.243
1652.14 208.243 1726.55 211.073
1726.55 211.073 1804.9 214.061
1804.9 214.061 1887.2 217.206
1887.2 217.206 1973.45 220.508
1973.45 220.508 2000 221.526
828.696 152.686 834.011 157.224
834.011 157.224 848.274 169.866
848.274 169.866 834.011 157.224
834.011 157.224 848.274 169.866
848.274 169.866 862.178 182.903
862.178 182.903 872.076 192.622
Vertex 97.4153 919.444
-2000 983.307 -1907.57 976.84
-1907.57 976.84 -1785.76 968.317
-1785.76 968.317 -1667.92 960.073
-1667.92 960.073 -1554.07 952.106
-1554.07 952.106 -1444.19 944.417
-1444.19 944.417 -1338.28 937.007
-1338.28 937.007 -1236.35 929.873
-1236.35 929.873 -1138.39 923.017
-1138.39 923.017 -1044.39 916.438
-1044.39 916.438 -954.35 910.136
-954.35 910.136 -868.269 904.11
-868.269 904.11 -786.14 898.36
-786.14 898.36 -707.953 892.886
-707.953 892.886 -633.702 887.685
-633.702 887.685 -563.373 882.758
-563.373 882.758 -496.955 878.104
-496.955 878.104 -434.429 873.72
-434.429 873.72 -375.774 869.606
-375.774 869.606 -320.961 865.758
-320.961 865.758 -269.954 862.174
-269.954 862.174 -222.707 858.85
-222.707 858.85 -179.158 855.78
-179.158 855.78 -139.229 852.958
-139.229 852.958 -102.813 850.375
-102.813 850.375 -69.7737 848.02
-69.7737 848.02 -39.9291 845.877
-39.9291 845.877 -13.0438 843.926
-13.0438 843.926 11.1854 842.142
11.1854 842.142 33.1395 840.493
33.1395 840.493 53.2836 838.94
53.2836 838.94 72.1638 837.437
72.1638 837.437 90.3915 835.932
90.3915 835.932 72.1638 837.437
72.1638 837.437 90.3914 835.932
90.3914 835.932 108.614 834.371
108.614 834.371 127.48 832.7
127.48 832.7 147.601 830.866
147.601 830.866 159.027 829.807
199.379 873.808 187.987 862.665
187.987 862.665 175.471 849.366
175.471 849.366 187.987 862.665
187.987 862.665 175.471 849.366
175.471 849.366 163.593 835.494
163.593 835.494 159.027 829.807
260.506 2000 258.869 1975.03
258.869 1975.03 253.228 1888.86
253.228 1888.86 247.85 1806.64
247.85 1806.64 242.736 1728.36
242.736 1728.36 237.886 1654
237.886 1654 233.301 1583.55
233.301 1583.55 228.981 1516.99
228.981 1516.99 224.927 1454.32
224.927 1454.32 221.138 1395.49
221.138 1395.49 217.616 1340.48
217.616 1340.48 214.361 1289.26
214.361 1289.26 211.375 1241.75
211.375 1241.75 208.66 1197.91
208.66 1197.91 206.217 1157.63
206.217 1157.63 204.049 1120.82
204.049 1120.82 202.159 1087.31
202.159 1087.31 200.551 1056.92
200.551 1056.92 199.231 1029.41
199.231 1029.41 198.206 1004.47
198.206 1004.47 197.485 981.714
197.485 981.714 197.077 960.697
197.077 960.697 196.995 940.886
196.995 940.886 197.252 921.699
197.252 921.699 196.995 940.886
196.995 940.886 197.252 921.699
197.252 921.699 197.862 902.519
197.862 902.519 198.838 882.733
198.838 882.733 199.379 873.808
Vertex 370.71 93.21
468.851 154.055 466.279 140.034
466.279 140.034 463.104 120.792
463.104 120.792 460.625 102.784
460.625 102.784 458.787 85.3862
458.787 85.3862 460.625 102.784
460.625 102.784 458.787 85.3862
458.787 85.3862 457.53 67.937
457.53 67.937 456.796 49.7736
456.796 49.7736 456.529 30.2736
456.529 30.2736 456.681 8.88488
456.681 8.88488 457.211 -14.858
457.211 -14.858 458.084 -41.332
458.084 -41.332 459.274 -70.8331
459.274 -70.8331 460.761 -103.589
460.761 -103.589 462.531 -139.773
462.531 -139.773 464.57 -179.514
464.57 -179.514 466.871 -222.911
466.871 -222.911 469.428 -270.038
469.428 -270.038 472.234 -320.952
472.234 -320.952 475.286 -375.694
475.286 -375.694 478.581 -434.297
478.581 -434.297 482.118 -496.787
482.118 -496.787 485.894 -563.184
485.894 -563.184 489.908 -633.503
489.908 -633.503 494.158 -707.756
494.158 -707.756 498.645 -785.954
498.645 -785.954 503.366 -868.104
503.366 -868.104 508.323 -954.212
508.323 -954.212 513.513 -1044.28
513.513 -1044.28 518.938 -1138.33
518.938 -1138.33 524.595 -1236.34
524.595 -1236.34 530.486 -1338.32
530.486 -1338.32 536.611 -1444.29
536.611 -1444.29 542.451 -1545.3
403.697 199.793 415.596 190.997
415.596 190.997 431.706 179.408
431.706 179.408 415.596 190.997
415.596 190.997 431.706 179.408
431.706 179.408 447.995 168.071
447.995 168.071 464.948 156.641
464.948 156.641 468.851 154.055
312.358 184.57 321.143 184.86
321.143 184.86 338.839 186.089
338.839 186.089 355.73 188.231
355.73 188.231 338.839 186.089
338.839 186.089 355.73 188.231
355.73 188.231 372.462 191.389
372.462 191.389 389.677 195.664
389.677 195.664 403.697 199.793
270.935 121.966 278.347 132.382
278.347 132.382 289.045 147.972
289.045 147.972 278.347 132.382
278.347 132.382 289.045 147.972
289.045 147.972 299.407 163.788
299.407 163.788 309.779 180.346
309.779 180.346 312.358 184.57
507.044 -2000 498.188 -1915.69
498.188 -1915.69 485.429 -1794.25
485.429 -1794.25 473.086 -1676.77
473.086 -1676.77 461.158 -1563.26
461.158 -1563.26 449.644 -1453.72
449.644 -1453.72 438.546 -1348.14
438.546 -1348.14 427.861 -1246.51
427.861 -1246.51 417.589 -1148.85
417.589 -1148.85 407.73 -1055.13
407.73 -1055.13 398.283 -965.372
398.283 -965.372 389.247 -879.555
389.247 -879.555 380.621 -797.676
380.621 -797.676 372.402 -719.73
372.402 -719.73 364.591 -645.706
364.591 -645.706 357.184 -575.595
357.184 -575.595 350.178 -509.382
350.178 -509.382 343.57 -447.05
343.57 -447.05 337.357 -388.578
337.357 -388.578 331.531 -333.938
331.531 -333.938 326.087 -283.095
326.087 -283.095 321.014 -236.002
321.014 -236.002 316.301 -192.599
316.301 -192.599 311.932 -152.807
311.932 -152.807 307.886 -116.524
307.886 -116.524 304.136 -83.614
304.136 -83.614 300.646 -53.8985
300.646 -53.8985 297.369 -27.1463
297.369 -27.1463 294.247 -3.06028
294.247 -3.06028 291.203 18.7328
291.203 18.7328 288.146 38.688
288.146 38.688 284.97 57.3393
284.97 57.3393 281.553 75.2839
281.553 75.2839 284.97 57.3393
284.97 57.3393 281.553 75.2839
281.553 75.2839 277.769 93.1547
277.769 93.1547 273.49 111.584
273.49 111.584 270.935 121.966
542.451 -1545.3 nan nan
542.451 -1545.3 544.304 -1624.65
544.304 -1624.65 546.98 -1738.94
546.98 -1738.94 549.757 -1857.19
549.757 -1857.19 552.633 -1979.43
552.633 -1979.43 553.119 -2000
Vertex 195.464 467.164
104.248 398.054 103.46 413.234
103.46 413.234 101.667 430.674
101.667 430.674 98.8513 447.244
98.8513 447.244 101.667 430.674
101.667 430.674 98.8513 447.244
98.8513 447.244 94.883 463.576
94.883 463.576 89.6315 480.303
89.6315 480.303 87.0699 487.439
177.228 355.665 160.42 365.328
160.42 365.328 142.402 375.751
142.402 375.751 160.42 365.328
160.42 365.328 142.402 375.751
142.402 375.751 124.414 386.228
124.414 386.228 105.963 397.045
105.963 397.045 104.248 398.054
301.125 409.725 282.738 404.22
282.738 404.22 264.567 398.233
264.567 398.233 247.903 392.054
247.903 392.054 232.175 385.425
232.175 385.425 247.903 392.054
247.903 392.054 232.175 385.425
232.175 385.425 216.771 378.072
216.771 378.072 201.083 369.722
201.083 369.722 184.536 360.116
184.536 360.116 177.228 355.665
288.518 551.533 288.255 532.537
288.255 532.537 288.437 512.658
288.437 512.658 289.179 494.091
289.179 494.091 290.54 476.231
290.54 476.231 289.179 494.091
289.179 494.091 290.54 476.231
290.54 476.231 292.58 458.435
292.58 458.435 295.36 440.062
295.36 440.062 298.939 420.507
298.939 420.507 301.125 409.725
175.946 577.281 180.291 576.131
180.291 576.131 199.899 571.088
199.899 571.088 218.978 566.435
218.978 566.435 199.899 571.088
199.899 571.088 218.978 566.435
218.978 566.435 238.117 562.035
238.117 562.035 257.903 557.747
257.903 557.747 278.896 553.44
278.896 553.44 288.518 551.533
87.0699 487.439 89.8146 490.029
89.8146 490.029 104.596 504.12
104.596 504.12 118.336 517.492
118.336 517.492 131.46 530.573
131.46 530.573 118.336 517.492
118.336 517.492 131.46 530.573
131.46 530.573 144.417 543.818
144.417 543.818 157.66 557.682
157.66 557.682 171.612 572.595
171.612 572.595 175.946 577.281
Vertex 411.848 641.313
527.252 671.576 524.344 665.524
524.344 665.524 516.687 648.307
516.687 648.307 510.481 632.005
510.481 632.005 505.569 616.03
505.569 616.03 510.481 632.005
510.481 632.005 505.569 616.03
505.569 616.03 501.78 599.751
501.78 599.751 498.945 582.541
498.945 582.541 496.904 563.809
496.904 563.809 496.839 563.047
408.506 769.575 408.583 769.51
408.583 769.51 426.182 754.649
426.182 754.649 442.51 740.94
442.51 740.94 457.973 728.051
457.973 728.051 473.017 715.612
473.017 715.612 457.973 728.051
457.973 728.051 473.017 715.612
473.017 715.612 488.113 703.237
488.113 703.237 503.732 690.538
503.732 690.538 520.322 677.147
520.322 677.147 527.252 671.576
326.148 717.582 329.558 718.807
329.558 718.807 345.551 725.345
345.551 725.345 360.294 732.826
360.294 732.826 345.551 725.345
345.551 725.345 360.294 732.826
360.294 732.826 374.332 741.558
374.332 741.558 388.211 751.85
388.211 751.85 402.445 763.989
402.445 763.989 408.506 769.575
315.381 570.156 317.255 589.403
317.255 589.403 319.135 609.869
319.135 609.869 320.761 629.111
320.761 629.111 322.177 647.732
322.177 647.732 320.761 629.111
320.761 629.111 322.177 647.732
322.177 647.732 323.428 666.364
323.428 666.364 324.559 685.642
324.559 685.642 325.614 706.167
325.614 706.167 326.148 717.582
442.614 527.124 434.679 530.559
434.679 530.559 416.052 538.316
416.052 538.316 398.429 545.162
398.429 545.162 381.239 551.292
381.239 551.292 398.429 545.162
398.429 545.162 381.239 551.292
381.239 551.292 363.876 556.911
363.876 556.911 345.732 562.226
345.732 562.226 326.238 567.431
326.238 567.431 315.381 570.156
496.839 563.047 489.387 558.545
489.387 558.545 472.812 548.058
472.812 548.058 489.387 558.545
489.387 558.545 472.812 548.058
472.812 548.058 456.557 537.083
456.557 537.083 442.614 527.124
Vertex 804.909 681.655
752.081 573.219 748.656 576.012
748.656 576.012 732.467 588.906
732.467 588.906 748.656 576.012
748.656 576.012 732.467 588.906
732.467 588.906 716.035 601.49
716.035 601.49 712.263 604.311
811.204 565.895 802.132 568.874
802.132 568.874 787.162 572.27
787.162 572.27 802.132 568.874
802.132 568.874 787.162 572.27
787.162 572.27 771.886 573.781
771.886 573.781 755.714 573.503
755.714 573.503 752.081 573.219
911.083 638.822 911.05 638.799
911.05 638.799 893.717 626.642
893.717 626.642 877.443 615.063
877.443 615.063 861.759 603.72
861.759 603.72 877.443 615.063
877.443 615.063 861.759 603.72
861.759 603.72 846.167 592.249
846.167 592.249 830.172 580.289
830.172 580.289 813.302 567.496
813.302 567.496 811.204 565.895
897.08 761.973 896.315 746.685
896.315 746.685 896.033 727.882
896.033 727.882 896.664 710.488
896.664 710.488 898.289 693.89
898.289 693.89 896.664 710.488
896.664 710.488 898.289 693.89
898.289 693.89 900.995 677.434
900.995 677.434 904.866 660.465
904.866 660.465 909.983 642.37
909.983 642.37 911.083 638.822
842.357 808.042 849.41 801.293
849.41 801.293 864.308 787.813
864.308 787.813 879.288 775.373
879.288 775.373 864.308 787.813
864.308 787.813 879.288 775.373
879.288 775.373 894.805 763.61
894.805 763.61 897.08 761.973
705.03 740.078 709.318 741.991
709.318 741.991 728.326 750.591
728.326 750.591 746.138 758.873
746.138 758.873 763.285 767.095
763.285 767.095 746.138 758.873
746.138 758.873 763.285 767.095
763.285 767.095 780.328 775.53
780.328 775.53 797.829 784.451
797.829 784.451 816.317 794.118
816.317 794.118 836.273 804.762
836.273 804.762 842.357 808.042
712.263 604.311 713.352 621.444
713.352 621.444 714.096 640.796
714.096 640.796 714.156 658.823
714.156 658.823 713.494 676.145
713.494 676.145 714.156 658.823
714.156 658.823 713.494 676.145
713.494 676.145 712.07 693.42
712.07 693.42 709.846 711.31
709.846 711.31 706.782 730.433
706.782 730.433 705.03 740.078
Vertex 531.72 786.918
527.252 671.576 520.322 677.147
520.322 677.147 503.732 690.538
503.732 690.538 488.113 703.237
488.113 703.237 473.017 715.612
473.017 715.612 488.113 703.237
488.113 703.237 473.017 715.612
473.017 715.612 457.973 728.051
457.973 728.051 442.51 740.94
442.51 740.94 426.182 754.649
426.182 754.649 408.583 769.51
408.583 769.51 408.506 769.575
567.922 677.111 565.946 676.934
565.946 676.934 547.096 674.781
547.096 674.781 565.946 676.934
565.946 676.934 547.096 674.781
547.096 674.781 528.362 671.78
528.362 671.78 527.252 671.576
651.952 762.946 644.634 756.914
644.634 756.914 629.518 743.921
629.518 743.921 615.817 731.287
615.817 731.287 603.117 718.578
603.117 718.578 615.817 731.287
615.817 731.287 603.117 718.578
603.117 718.578 590.975 705.333
590.975 705.333 578.952 691.094
578.952 691.094 567.922 677.111
621.61 867.892 624.606 856.288
624.606 856.288 629.974 836.222
629.974 836.222 635.434 816.794
635.434 816.794 629.974 836.222
629.974 836.222 635.434 816.794
635.434 816.794 641.147 797.438
641.147 797.438 647.275 777.591
647.275 777.591 651.952 762.946
536.255 902.727 540.235 900.5
540.235 900.5 556.748 891.876
556.748 891.876 573.077 884.41
573.077 884.41 556.748 891.876
556.748 891.876 573.077 884.41
573.077 884.41 589.794 877.858
589.794 877.858 607.471 871.978
607.471 871.978 621.61 867.892
428.684 835.438 432.27 837.377
432.27 837.377 450.041 847.205
450.041 847.205 466.533 856.735
466.533 856.735 482.258 866.285
482.258 866.285 466.533 856.735
466.533 856.735 482.258 866.285
482.258 866.285 497.759 876.195
497.759 876.195 513.579 886.803
513.579 886.803 530.23 898.427
530.23 898.427 536.255 902.727
408.07 780.215 412.405 787.943
412.405 787.943 419.541 802.954
419.541 802.954 424.794 817.885
424.794 817.885 419.541 802.954
419.541 802.954 424.794 817.885
424.794 817.885 428.333 833.311
428.333 833.311 428.684 835.438
408.506 769.575 408.081 780.015
408.081 780.015 408.07 780.215
Vertex 87.679 281.479
104.248 398.054 105.963 397.045
105.963 397.045 124.414 386.228
124.414 386.228 142.402 375.751
142.402 375.751 124.414 386.228
124.414 386.228 142.402 375.751
142.402 375.751 160.42 365.328
160.42 365.328 177.228 355.665
-1681.18 434.996 -1577.93 430.568
-1577.93 430.568 -1467.9 425.853
-1467.9 425.853 -1361.86 421.315
-1361.86 421.315 -1259.79 416.954
-1259.79 416.954 -1161.71 412.771
-1161.71 412.771 -1067.59 408.766
-1067.59 408.766 -977.454 404.941
-977.454 404.941 -891.28 401.296
-891.28 401.296 -809.068 397.833
-809.068 397.833 -730.811 394.554
-730.811 394.554 -656.502 391.461
-656.502 391.461 -586.13 388.556
-586.13 388.556 -519.684 385.842
-519.684 385.842 -457.148 383.325
-457.148 383.325 -398.502 381.009
-398.502 381.009 -343.722 378.9
-343.722 378.9 -292.775 377.007
-292.775 377.007 -245.62 375.342
-245.62 375.342 -202.203 373.92
-202.203 373.92 -162.45 372.758
-162.45 372.758 -126.269 371.883
-126.269 371.883 -93.5329 371.329
-93.5329 371.329 -64.0778 371.139
-64.0778 371.139 -37.6878 371.371
-37.6878 371.371 -14.0839 372.1
-14.0839 372.1 7.08609 373.421
7.08609 373.421 26.2548 375.448
26.2548 375.448 43.932 378.32
43.932 378.32 60.6903 382.189
60.6903 382.189 43.932 378.32
43.932 378.32 60.6903 382.189
60.6903 382.189 77.1376 387.219
77.1376 387.219 93.882 393.571
93.882 393.571 104.248 398.054
-1681.18 434.996 nan nan
-1681.18 434.996 -1747.43 435.004
-1747.43 435.004 -1865.81 435.019
-1865.81 435.019 -1988.17 435.037
-1988.17 435.037 -2000 435.039
-2000 176.042 -1938.47 176.307
-1938.47 176.307 -1816.32 176.832
-1816.32 176.832 -1698.16 177.337
-1698.16 177.337 -1583.98 177.824
-1583.98 177.824 -1473.79 178.29
-1473.79 178.29 -1367.57 178.737
-1367.57 178.737 -1265.33 179.164
-1265.33 179.164 -1167.06 179.57
-1167.06 179.57 -1072.76 179.954
-1072.76 179.954 -982.424 180.318
-982.424 180.318 -896.042 180.659
-896.042 180.659 -813.609 180.977
-813.609 180.977 -735.115 181.271
-735.115 181.271 -660.55 181.54
-660.55 181.54 -589.9 181.783
-589.9 181.783 -523.147 181.997
-523.147 181.997 -460.271 182.181
-460.271 182.181 -401.243 182.331
-401.243 182.331 -346.032 182.445
-346.032 182.445 -294.593 182.517
-294.593 182.517 -246.873 182.542
-246.873 182.542 -202.799 182.514
-202.799 182.514 -162.283 182.421
-162.283 182.421 -125.206 182.253
-125.206 182.253 -91.4195 181.994
-91.4195 181.994 -60.7291 181.624
-60.7291 181.624 -32.8905 181.117
-32.8905 181.117 -7.59708 180.442
-7.59708 180.442 15.5267 179.559
15.5267 179.559 36.9282 178.423
36.9282 178.423 57.122 176.981
57.122 176.981 76.6753 175.172
76.6753 175.172 57.122 176.981
57.122 176.981 76.6753 175.172
76.6753 175.172 96.1843 172.937
96.1843 172.937 116.246 170.213
116.246 170.213 129.283 168.241
199.293 276.886 198.397 275.759
198.397 275.759 186.248 260.076
186.248 260.076 175.299 245.115
175.299 245.115 165.212 230.364
165.212 230.364 175.299 245.115
175.299 245.115 165.212 230.364
165.212 230.364 155.63 215.28
155.63 215.28 146.195 199.321
146.195 199.321 136.569 181.974
136.569 181.974 129.283 168.241
177.228 355.665 178.923 347.334
178.923 347.334 183.204 328.627
183.204 328.627 188.032 310.723
188.032 310.723 183.204 328.627
183.204 328.627 188.032 310.723
188.032 310.723 193.578 293.03
193.578 293.03 199.293 276.886
